127.030490128604327538 233.221402897054787218 188.202407969801072340 167.024688471342301455 -33.546951394755843978 -114.453444201243200951
122.268555524342332319 232.517641945113410884 191.609987032456501765 167.011635853177011768 -33.544459831435858632 -114.474154228118621290
119.169724672478253069 231.457079297760117242 187.043056630340657875 167.023066686218186305 -33.549191584368550423 -114.464354712671010361
120.513010670928878199 231.424807751825085234 186.134265089820900130 167.022814430665363261 -33.549163362554537571 -114.464132838419459404
120.567055360226078164 231.079273141431684735 186.175959935092748765 167.022494815834818382 -33.549140260504941580 -114.464202620290336654
120.639494321470522209 230.774575845662468510 186.195828186575084828 167.022215121269994142 -33.549121517017375993 -114.464248340089667977
120.748961788792811944 230.480419667409307749 186.188049676656618203 167.021946677231028389 -33.549105301336993534 -114.464270743157456423
120.898737859302997322 230.181575798351843787 186.153849368439864520 167.021677698511297194 -33.549091346330641272 -114.464268463544001975
121.079490663007746321 229.886927770931009718 186.097570953809139382 167.021419500812783099 -33.549080917210595487 -114.464238031972058707
121.274290784320584180 229.621326143181534007 186.025109022289768745 167.021195855463332691 -33.549075366917435304 -114.464179323167556390
121.483212255553326031 229.381045225649216945 185.937259176000253547 167.021004656248607034 -33.549074732839478941 -114.464090995167182996
121.702544572968662351 229.173054113529786946 185.834966374818492341 167.020852174703463788 -33.549079184307672108 -114.463973246778280668
122.082062866151204616 228.886600791917658171 185.641262337493259338 167.020677064741732920 -33.549097690145359252 -114.463712569239689287
122.485351207861981493 228.634462468794652068 185.423535749754393009 167.020580502126989586 -33.549132500984462979 -114.463348392154927069
122.892360075804674580 228.439522428293571465 185.190255212809461227 167.020584618961919432 -33.549184337701326797 -114.462882375690881531
123.031155018135535784 228.396729829315404459 185.105315361466580271 167.020616223309843917 -33.549205644121634862 -114.462702195597671562
123.190349757986538748 228.360760473354218902 185.004907512809069203 167.020670901147184395 -33.549232524360718344 -114.462480684241313611
123.363109934319936656 228.332559903496360221 184.893477687737203041 167.020750398214943289 -33.549265049187958709 -114.462219311905201380
123.719845903347632543 228.281907086795598616 184.661652898991036409 167.020968847803459312 -33.549345490245947587 -114.461594371470312126
124.063868078465645794 228.253365122586444613 184.433462638829382740 167.021262382427664761 -33.549441294485625065 -114.460873769685193224
124.387086859298136687 228.252570754305452283 184.213144452118939398 167.021625332521182372 -33.549549163502085491 -114.460079311908728528
124.629211324058175592 228.286291339093821762 184.040292816062077463 167.021969322093070787 -33.549641868385648991 -114.459404038511635804
124.855744801191065108 228.360009662077118264 183.868975614376552130 167.022362295125304854 -33.549738371756241406 -114.458704176096347283
125.069056485225473807 228.472821916018574484 183.697782320548412827 167.022803404190113952 -33.549838426639134070 -114.457978949110341205
125.394156475813588258 228.716409170271674611 183.420565105366250691 167.023601747878615242 -33.550007502614207056 -114.456749447823824539
125.722338660111745412 229.012474283654626106 183.129293679393441607 167.024510772938810987 -33.550192679889732972 -114.455394134002929718
126.058413048826267300 229.322664450629815747 182.829407046413336957 167.025477970467989053 -33.550389424304441377 -114.453946588441169752
126.388412484055521645 229.636977939875947641 182.532710133874786607 167.026448422240804348 -33.550586472351739076 -114.452491761574222551
126.706760137954660195 229.953088591660105067 182.243539770409881839 167.027427453710998861 -33.550785281337986987 -114.451020594082521598
126.998779832042799853 230.276116226955309685 181.970750984066143019 167.028426763993621762 -33.550985285870268626 -114.449532130075937175
127.267352178724436840 230.633477956048409396 181.706145764527775555 167.029551859261744085 -33.551203316840762625 -114.447885942935428716
127.503386361235811819 231.006985006489344414 181.460076301413550937 167.030933793669106535 -33.551464111737956841 -114.445859948383159121
127.678750128679126874 231.401704256684126904 181.250601385044404878 167.032661994634082703 -33.551768911856846955 -114.443365727375891083
127.753088720292851121 231.670626248771668543 181.138705113796675050 167.034062992448326668 -33.551996453488634131 -114.441382217337434213
127.793820065790384888 231.956656692924866547 181.045870509587786046 167.035835265351323642 -33.552259551180370067 -114.438924504524194958
127.798186589746904929 232.251329145386705477 180.975910965537678976 167.038092655940829445 -33.552558399272406575 -114.435873625875046855
127.759485790166877450 232.605417938491939367 180.921875869596277653 167.041670913394824538 -33.552962570291128941 -114.431202263782154205
127.676041937607266163 232.966186296976957237 180.896913974018900717 167.046740738009049210 -33.553420593946306383 -114.424887579146243866
127.558894038998516862 233.323170830169033252 180.895889467853720589 167.053954053249384515 -33.553908045939692784 -114.416363068875696740
127.373929265894986429 233.746497079642097106 180.924695094841922582 167.020532969783346289 -33.548127439368208513 -114.467495208198997148
127.153864080577307050 234.163508859387064831 180.979898904785585501 167.020962031796699421 -33.548178385948524749 -114.467345715935209682
126.902632216140204946 234.561312080622940357 181.060727608637591857 167.021386292496458736 -33.548232832453379615 -114.467183572985632622
126.720321754540080406 234.810694561447149908 181.128332462095841038 167.021664949024767566 -33.548270829818768846 -114.467074625014205935
126.528495048140499080 235.048967221782390880 181.204922680893730558 167.021934026478930946 -33.548309362990053728 -114.466968877881683397
126.326795394374926218 235.264030846808481101 181.293466739589689496 167.022179668341806291 -33.548347567778677103 -114.466868982799624632
126.170220883312296678 235.406855163013517540 181.367702005224629147 167.022353937806457225 -33.548376356992747560 -114.466797219489805570
126.011085428759400884 235.522965674282374948 181.449940315536622393 167.022539238238834969 -33.548406648289287091 -114.466728960013881533
125.853137782482320972 235.613310232015862766 181.537388701182607065 167.022730878884317463 -33.548437579123500996 -114.466665077517674831
125.310204824246028465 235.816087606733219673 181.862386742388792982 167.023284583668328196 -33.548536327259043333 -114.466471144798759951
124.734018900324002743 235.964097045835899280 182.222216606151420137 167.023754148611885739 -33.548630487613316120 -114.466284713423334551
124.154031281670569342 236.071046692542296341 182.594490566022614075 167.046622464669866304 -33.552386391687157641 -114.434555954461970373
123.794277432494808977 236.103392024734375809 182.832370685956249190 167.038381085917592372 -33.551458423568924161 -114.445044983624498514
123.445368796670692291 236.097848851657488467 183.071555915987090657 167.033194292732360964 -33.550722568829890236 -114.452147819038785315
123.109551470960838060 236.044575866957075050 183.312722465789448734 167.030125665423724968 -33.550202207882875882 -114.456658721194699524
122.816598365090669631 235.958884133711933373 183.532052037321761873 167.028532002130020828 -33.549896151564283286 -114.459142103808233060
122.512846853659169710 235.844569832810947219 183.765269476634131252 167.027564160593044562 -33.549696423317293181 -114.460714592417460267
122.202727443568122112 235.715577014639819708 184.006171237071271207 167.026990673430361767 -33.549575370369730365 -114.461672167723079951
121.891911158698249551 235.579348414676587709 184.249189164227686888 167.026640736881660132 -33.549504170612621579 -114.462260348384333497
121.596224663896407492 235.444445211120353179 184.481576461608597128 167.026422319162890062 -33.549464144227535201 -114.462620431139015409
121.339314530278500115 235.295385048246998849 184.690722140383400074 167.026255536723652995 -33.549439683225457998 -114.462851630838585493
121.191009006044154717 235.174981869738417117 184.819262320624346785 167.026142682552404040 -33.549426607218961749 -114.462968190129799950
121.054624258793097624 235.027904379375769395 184.945732625079841682 167.026014357632675456 -33.549413973552823620 -114.463069630760372775
120.932258210841538926 234.855956801846502913 185.068292048297990959 167.025869987070194611 -33.549401443722324245 -114.463158142335728940
120.824692110918903154 234.662804086343157906 185.185574885003234158 167.025710511878344278 -33.549388746358999924 -114.463236485139418619
120.730661696179993214 234.451561867828132790 185.297735550046496655 167.025536627260350997 -33.549375584683602369 -114.463308231004830873
120.651398363517017742 234.230578814445067337 185.402036569334910610 167.025353430277704092 -33.549362001610091966 -114.463374982258571322
120.531382735954451846 233.777031071001033524 185.587000459138010910 167.024969418609714467 -33.549333346765664032 -114.463502346201138948
120.448938517656912950 233.308805743196558069 185.749671694549363110 167.024559575718114957 -33.549301713438268280 -114.463634373656276466
120.406720940689893951 232.840105640047170255 185.885013232203988309 167.024135625898310309 -33.549267858191576863 -114.463769270230571351
120.409058130458944902 232.514345060226531814 185.957473836515873700 167.023833805297016397 -33.549243441896955176 -114.463859757334915912
120.433066026272285853 232.161309558649122664 186.021355982025283993 167.023503259641870500 -33.549216844350119970 -114.463953383183181245
120.469078606784790964 231.792764231252959917 186.080577549334094556 167.023157711657233904 -33.549189554091235266 -114.464046653255849151
120.513010670928878199 231.424807751825085234 186.134265089820900130 167.022814430665363261 -33.549163362554537571 -114.464132838419459404
119.169724672478253069 231.457079297760117242 187.043056630340657875 167.023066686218186305 -33.549191584368550423 -114.464354712671010361
122.268555524342332319 232.517641945113410884 191.609987032456501765 167.011635853177011768 -33.544459831435858632 -114.474154228118621290
127.030490128604327538 233.221402897054787218 188.202407969801072340 167.024688471342301455 -33.546951394755843978 -114.453444201243200951
