127.030490128604753863 233.221402897055895664 188.202407969801328136 167.024688471334656015 -33.546951394754181308 -114.453444201245886802
122.268555524342559693 232.517641945112472968 191.609987032457212308 167.011635853178177058 -33.544459831435709418 -114.474154228117612320
119.169724672478650973 231.457079297758866687 187.043056630342050539 167.023066686219380017 -33.549191584368031727 -114.464354712670541403
120.113436935353490753 231.407042835060934749 186.410784011221380752 167.022847664450097227 -33.549165461120466603 -114.464239485381355621
120.172674078383778351 231.028308164001686009 186.456483089564187594 167.022498444422240027 -33.549140411690480335 -114.464312742755168983
120.258943971371252246 230.665436770177933568 186.480143602864728791 167.022167034174458422 -33.549118665717230670 -114.464362950623495863
120.392477869152415337 230.306615260538620760 186.470655403112516524 167.021841465125618242 -33.549099700165797344 -114.464385849858530264
120.567877540130041325 229.956651521657647663 186.430606258079734516 167.021529022011037569 -33.549084528043820796 -114.464377796981096935
120.773943635117234408 229.620746089041745108 186.366449976545510481 167.021238430644132222 -33.549074279957309841 -114.464335774764563780
120.996032840566755340 229.317942759926438612 186.283841601309916314 167.020988366644189682 -33.549069972220252112 -114.464259788022189923
121.236425909306362314 229.041471288358593483 186.182763697050631890 167.020774577406939443 -33.549071657544295988 -114.464147173349815034
121.494205341076650484 228.797025205274508153 186.062546034572193321 167.020602315507716185 -33.549079486639882930 -114.463997031478385225
121.911988814709559392 228.481694960052323040 185.849321669571168059 167.020419852509434122 -33.549103606542779232 -114.463693688374831936
122.353336596244716361 228.205764897710054129 185.611057857519398340 167.020325922532748564 -33.549145730015467848 -114.463277115414413743
122.809349170638512305 227.987355550497056811 185.349700119129295217 167.020340340297082093 -33.549207094181710431 -114.462741369151515869
122.990161711063962002 227.931607940941290735 185.239049571055971910 167.020382043179608900 -33.549235132674134263 -114.462507429942164094
123.174252764567285112 227.890012685628221334 185.122941854562697017 167.020444767628617910 -33.549266187071395962 -114.462253980214214266
123.361528883930887446 227.859442148666317962 185.002151702217162210 167.020529175398877442 -33.549301061018233838 -114.461975607470563432
123.732151994614625323 227.806815357764918417 184.761306960328425930 167.020753687419585276 -33.549384256705529594 -114.461334091655714928
124.100167637804645437 227.776281010998559395 184.517205600004302823 167.021064864003932371 -33.549486382501676474 -114.460571297496244370
124.460639204161452653 227.775392642709135771 184.271497356054538841 167.021469466083885891 -33.549607155515658974 -114.459688183905754499
124.754100848010295977 227.816260769463696079 184.061997340795983291 167.021889790015421795 -33.549720870942138617 -114.458865464079948993
125.033954773049259757 227.907328545161078637 183.850355719522895015 167.022385937519771915 -33.549843244115550078 -114.457983365120171015
125.294584747116175549 228.045164085133876597 183.641185206675942254 167.022947606588957115 -33.549971502622142339 -114.457058433485627802
125.652947653166592090 228.313674008490522738 183.335600123244091719 167.023888974679096009 -33.550173073232571141 -114.455597756374558571
125.994228967260596619 228.621557165121771504 183.032699006098965810 167.024935498400282086 -33.550389516877508811 -114.454015902129427218
126.333775654153882329 228.934953779292300169 182.729711396030353399 167.026057855517535700 -33.550621264757872098 -114.452308490331461144
126.668423046381192876 229.253696400112119136 182.428834178071980432 167.027220425181582186 -33.550860153733573554 -114.450534019542828901
126.996225096266272203 229.579196754797351332 182.131075235999247752 167.028426212691471164 -33.551106527803810309 -114.448688667209381720
127.305981350764255922 229.921846826486699911 181.841716874720532360 167.029687944162901658 -33.551358985554827541 -114.446773388188901777
127.594154169810778399 230.305292935753527672 181.557798923990816320 167.031104786648171512 -33.551630943799843010 -114.444661171952333234
127.854636746913286061 230.717493180630953020 181.286240941241260316 167.032895514860030062 -33.551959356628294984 -114.442001399954207841
128.056042123022052692 231.170835052965855994 181.045663747098785734 167.035311765468776457 -33.552361278539883926 -114.438486589986126774
128.147933715796199294 231.503264076346511047 180.907357876703997590 167.037596259648779551 -33.552696814104031375 -114.435246395321570390
128.197926567465145808 231.854349585771018383 180.793440258530779374 167.040795674454670916 -33.553101234894889160 -114.430844745545229557
128.203311602190780150 232.217845939418850776 180.707199693290078812 167.045459134695875036 -33.553577178035638440 -114.424699087113907581
128.157021457129559394 232.641351486721617903 180.642697178026196525 167.053720368019781972 -33.554177407937537225 -114.414458301863092515
128.059820128730621036 233.061971874646872038 180.612166405362017940 167.019589386597573366 -33.547986664291876480 -114.467846403868023231
127.925405569333619837 233.471375899632221262 180.610589433768126355 167.019958395701252130 -33.548022836708568661 -114.467725288156060515
127.720154575452070844 233.940736392071784167 180.643618867133227468 167.020389545951616128 -33.548070872076436899 -114.467555024764877203
127.479270210096444771 234.396804041763800797 180.703688103140507337 167.020776037948877502 -33.548120091263747611 -114.467381247187276472
127.206216201191921300 234.830288852823485968 180.792837444352983312 167.021550874608720960 -33.548209631920592244 -114.467288887347052651
127.005027631312316316 235.105566944362465165 180.867548588401859888 167.021883819003676308 -33.548254546143034815 -114.467178994802893044
126.792364751437858672 235.369720900075009240 180.952621864375998939 167.024131291469302596 -33.548775551407466367 -114.464118384024800434
126.563194015398480019 235.614253486950985916 181.053446300507516753 167.023669919955580099 -33.548600505128653992 -114.465196696405214993
126.372014827084655053 235.788762914215652700 181.144242632342582056 167.023527254845305379 -33.548554449780567666 -114.465688415797259836
126.170842604720547797 235.935533881703548786 181.248175433962217085 167.023638427807213702 -33.548566869475848762 -114.465778924743901257
125.961124672737369679 236.055381265320363582 181.364069257576545624 167.023932058251375565 -33.548621240179336667 -114.465573328338834358
125.367119147869416906 236.276878241209033149 181.718693436000904740 167.024842874182184005 -33.548892322643418140 -114.464641385918966421
124.758634593208540764 236.432837873533571837 182.097721441065800718 167.023926402966054638 -33.548636245330371253 -114.466206706512309665
124.150371756558769221 236.545209874418361551 182.488283124179275774 167.024507652957481696 -33.548741069274313986 -114.466013715835103426
123.756026243186283864 236.580820935099325197 182.750571126908425867 167.059935053940648686 -33.553401820296670621 -114.420816680467126503
123.365623794601916074 236.574613922611206362 183.017898060537106630 167.044562631125188545 -33.552064013284422117 -114.438583824978493908
122.986505022515231644 236.514457563708333510 183.289972875071327962 167.035182446259625522 -33.550938995828623490 -114.450373785908084301
122.662278335065593637 236.419604340116791263 183.532640024428360448 167.030988321386757889 -33.550293194756790172 -114.456156442675236917
122.342074607303004541 236.299088302289078456 183.778456679737615787 167.028921103706949225 -33.549919241093270728 -114.459234790652345737
122.024074804733743349 236.166810966601673272 184.025465607734020068 167.027884343533344236 -33.549713588007421095 -114.460869627120715109
121.708267619410719362 236.028389736608630756 184.272378622172681162 167.027323053081602211 -33.549599599432319508 -114.461783150798567021
121.395988752134087463 235.885912895686573165 184.517801712640675760 167.026992890046614093 -33.549535610339809466 -114.462322176376787297
121.102890273458200454 235.715853596161281303 184.756403330641262528 167.026752105012889160 -33.549496080577199564 -114.462668313127693409
120.915067823541988901 235.563367234568204367 184.919190018178483115 167.026589595687823930 -33.549474827072700123 -114.462847931357970310
120.745378659539653654 235.380374524126125380 185.076538794795453668 167.026418832697373773 -33.549456329339363947 -114.462991925664880455
120.596201389072632537 235.170754096049904547 185.225945986822523537 167.026236686289990985 -33.549439399318607968 -114.463109184176019539
120.468680792216019881 234.941772980608789112 185.364979444686724719 167.026043886502577607 -33.549423233225148522 -114.463207276508342147
120.360199037353794438 234.698070043341033397 185.494370964147691438 167.025840278190514709 -33.549407092477757431 -114.463293950771713980
120.268577626987152485 234.442640480198718933 185.614926221794604544 167.025625373988475530 -33.549390388887218251 -114.463375206485665103
120.138096001586745842 233.949556929190009669 185.816005854667849917 167.025200742597746739 -33.549357041502510413 -114.463523479130230953
120.048242397978256690 233.439274043692790883 185.993281743551108320 167.024746107981599152 -33.549320151001090551 -114.463678710978030040
120.001698656461400105 232.922578026304790910 186.142476088229443576 167.024271472511856018 -33.549280584525419613 -114.463837886706642166
120.004346506130133321 232.553260088888436030 186.224621878677282893 167.023924950468682482 -33.549251529900210755 -114.463946814790986650
120.030088309865263341 232.174714961721718964 186.293116680849152544 167.023567298624953992 -33.549221947012988210 -114.464051768852030477
120.067522133487045721 231.791614783650629761 186.354674349050696947 167.023206499169162953 -33.549192972205062802 -114.464150478896840468
120.113436935353490753 231.407042835060934749 186.410784011221380752 167.022847664450097227 -33.549165461120466603 -114.464239485381355621
119.169724672478650973 231.457079297758866687 187.043056630342050539 167.023066686219380017 -33.549191584368031727 -114.464354712670541403
122.268555524342559693 232.517641945112472968 191.609987032457212308 167.011635853178177058 -33.544459831435709418 -114.474154228117612320
127.030490128604753863 233.221402897055895664 188.202407969801328136 167.024688471334656015 -33.546951394754181308 -114.453444201245886802
