127.030490128604753863 233.221402897055895664 188.202407969801328136 167.024688471334656015 -33.546951394754181308 -114.453444201245886802
122.268555524342559693 232.517641945112472968 191.609987032457212308 167.011635853178177058 -33.544459831435709418 -114.474154228117612320
119.169724672478650973 231.457079297758866687 187.043056630342050539 167.023066686219380017 -33.549191584368031727 -114.464354712670541403
120.313225234759997306 231.415925578760436565 186.272525449789327467 167.022828804532537106 -33.549163818245112623 -114.464190564763697466
120.369865978168007814 231.053790828857074757 186.316222598547795997 167.022494230000461357 -33.549139688529550085 -114.464262425381619437
120.449220200187113505 230.720006386667733977 186.337987159727276776 167.022188444484697811 -33.549119362161604840 -114.464310891137699855
120.570721053832869529 230.393517437900101186 186.329353632558877507 167.021891083912237264 -33.549101645208459388 -114.464334263128705516
120.733309038247085709 230.069113625301127968 186.292228682214840774 167.021599866649211208 -33.549086906730508417 -114.464330076468172592
120.926718334129589039 229.753836785288029887 186.232011277062781573 167.021324771484842131 -33.549076336517337893 -114.464295163292405277
121.135162834676208377 229.469634161158182906 186.154476050240816676 167.021087019017244302 -33.549071120727056439 -114.464229461530180743
121.359819999175158500 229.211257906413578667 186.060011989513810704 167.020883388308220674 -33.549071293782326109 -114.464131034952785626
121.598375799001402697 228.985039126786659835 185.948756542970670580 167.020719673606549804 -33.549077027299453846 -114.463999460298225586
121.997026553297843066 228.684147409191638189 185.745292070404332208 167.020538754519066060 -33.549097727745603947 -114.463721157231219649
122.419344398456729550 228.420113281789554094 185.517296658114275942 167.020441069455557681 -33.549135521793182590 -114.463334949744108826
122.850855221666620309 228.213438492486147879 185.269977119814058142 167.020447984004732689 -33.549191498144764978 -114.462837979520060117
123.010658870922895858 228.164168422665426306 185.172181763503346019 167.020484106723841933 -33.549216035555680548 -114.462631697965790067
123.182301635975989029 228.125386126379112284 185.063923975458720861 167.020542459814691938 -33.549244925416942920 -114.462394706097015273
123.362319781191786205 228.096000465049030481 184.947813946834855869 167.020624198271860905 -33.549278589332772071 -114.462125104477962623
123.725999275183511372 228.044361032529877775 184.711479090817817905 167.020845234306563043 -33.549360344315708460 -114.461492460173133168
124.082018205785090004 228.014822574884533424 184.475333280887639376 167.021147450972563320 -33.549459335181289532 -114.460750769475126276
124.423863352206595323 228.013981150118922869 184.242320064547072889 167.021531465781407633 -33.549573778317558492 -114.459911315069888360
124.691656349670765280 228.051275841594758731 184.051144224228551138 167.021914143906911931 -33.549677159375626445 -114.459161207119137771
124.944850114298930066 228.133668900172551730 183.859664875196983758 167.022359198354564569 -33.549786751962535902 -114.458369220546927636
125.181820996196051965 228.258992901247580676 183.669483063738510964 167.022860541057497130 -33.549900923955227938 -114.457544134689115367
125.523552452644366895 228.515041663094251589 183.378082014982595638 167.023729963898631468 -33.550086199789561192 -114.456199717396273741
125.858284306797827412 228.817015700622647500 183.080995721560157108 167.024706774320122804 -33.550286868697696718 -114.454732693593726367
126.196094659207460609 229.128809187524467461 182.779558662453325724 167.025749777255441586 -33.550500848883316962 -114.453158045266732756
126.528418265767982120 229.445337143363701671 182.480771353517411626 167.026812585522066001 -33.550718221937316343 -114.451549274612816021
126.851492874743371431 229.766142706734797230 182.187306643332505018 167.027898710023919193 -33.550939796585439012 -114.449900972644087460
127.152380988011913132 230.098981431306071954 181.906232770604958660 167.029020226335632060 -33.551164614739128922 -114.448213368413291846
127.430753542177001236 230.469385569654576784 181.631970901200816115 167.030280560914320631 -33.551408157097959872 -114.446350745313679909
127.679011783799069235 230.862239115015654534 181.373156949972894836 167.031851722703180485 -33.551701174963447727 -114.444030547775398077
127.867396654751118490 231.286269639633104589 181.148130006716201024 167.033895023372338073 -33.552052547328031551 -114.441066337256799557
127.950511823685189938 231.586945181789985782 181.023027527507139212 167.035688903196955835 -33.552331496365155772 -114.438518949675454905
127.995874025457368361 231.905503182298105003 180.919648331176517786 167.038074204504283671 -33.552662062301898516 -114.435213200836244596
128.000749914473459512 232.234587942741711686 180.841541698450612330 167.041324141612278709 -33.553047718243988129 -114.430855145169516618
127.958254208476787994 232.623386692582073465 180.782258340910658490 167.046771245823862273 -33.553561497534943214 -114.423885557716715766
127.867860270095548003 233.014200156712973921 180.755300782023880402 167.054898785058355770 -33.554104869605168915 -114.414111274459315837
127.742253236783568582 233.397187376595439900 180.752705707060698614 167.020041116242168755 -33.548052804689262985 -114.467679785212880006
127.547055916182983992 233.843629146032213839 180.784200573860630357 167.020473618174548847 -33.548100487186466978 -114.467531233548541536
127.316641135074974045 234.280199731228350402 180.841925212969272252 167.020903126104798275 -33.548152163874448206 -114.467362596745928727
127.054172035755627235 234.695614270064879747 180.926189714266570263 167.021307270912501508 -33.548206157696135676 -114.467193957648348146
126.862775447406548324 234.958208517934281190 180.998193897826070042 167.021844464845401035 -33.548269579161512866 -114.467148434059367901
126.660598149613718988 235.209435878957663135 181.079049815360008324 167.022157893973201226 -33.548313167535319224 -114.467042554708726243
126.445183577148640097 235.439264718380314889 181.173809894969451761 167.022460765620195389 -33.548357636849189589 -114.466935820111928024
126.271328857537611157 235.597949962362207543 181.256385045075916196 167.022683137083618021 -33.548392063837141563 -114.466854007449867936
126.091168128430865636 235.729387927409987924 181.349462951945639588 167.022886598835100358 -33.548425927130296031 -114.466774260537803798
125.907302756758696205 235.834462050611506356 181.451066229581897460 167.023070383337028488 -33.548458816897941404 -114.466697386884149523
125.338350003311944647 236.046211669345808559 181.789748009018779840 167.023264655687398772 -33.548528924372462257 -114.466441530479528410
124.746463699328060670 236.198554438538394606 182.160219571532962846 167.023902281710064699 -33.548638081621561469 -114.466241066698486861
124.152115933937324144 236.308213106969674300 182.542294810921220005 167.060504092264352494 -33.553481479515831154 -114.419200559587608268
123.775146047948496175 236.342107212649182202 182.791396549111254899 167.046707464526463127 -33.552331866739841360 -114.435289026807865298
123.405496380934465606 236.336229757629752157 183.044679558098721373 167.037415738194198411 -33.551281950201790494 -114.446928797366922481
123.048030500486049732 236.279515246403178708 183.301327176547175668 167.032069231071659487 -33.550504357705747793 -114.454210989741838489
122.739440319245133537 236.189243313049701101 183.532337431853932230 167.029534483322919414 -33.550062350029229208 -114.457941553954839264
122.427462031360789751 236.071828832493565642 183.771859181060818855 167.028151170300589001 -33.549792280950200052 -114.460102382648315711
122.113402014844837140 235.941193853385641432 184.015816361899879894 167.027395374021182306 -33.549636359233929284 -114.461333299161196919
121.800090027806646731 235.803869266721846998 184.260782547582579127 167.026959702950989595 -33.549547199228136662 -114.462056061725618861
121.496107247006591479 235.665179209307609653 184.499688135268314682 167.026694949143944768 -33.549497025686896734 -114.462491416798798127
121.221102771006968624 235.505619456418742175 184.723562162988059754 167.026496377959290385 -33.549466119399603770 -114.462771999309708804
121.053038943221395130 235.369174682984578340 184.869225736166356455 167.026360955870785574 -33.549449454173561946 -114.462916515390787708
120.900002031939578728 235.204139785137016361 185.011135444667587535 167.026212617163650975 -33.549434161737373472 -114.463037343992098727
120.764230467826024551 235.013355840870076463 185.147118927292183344 167.026049997608424746 -33.549419581854891703 -114.463139251203386948
120.646687226894556488 234.802288851223380561 185.275277248191628132 167.025874225312662702 -33.549405239548747204 -114.463226929736578086
120.545431199351540386 234.574816412166285318 185.396053465803134941 167.025685733157644108 -33.549390652416057890 -114.463305775774912831
120.459988830511775859 234.336609972192889018 185.508481828322913998 167.025486909708178018 -33.549375567648546337 -114.463379460541901267
120.334740482504003012 233.863294355126186019 185.701503611438283770 167.025082900494311389 -33.549344642287060481 -114.463516842141970642
120.248591429751598980 233.374040313428650961 185.871477460783978586 167.024650900323564429 -33.549310438452472738 -114.463660155753728986
120.204210928463993469 232.881342288710243338 186.013745473041069545 167.024201725459590762 -33.549273757500465365 -114.463807071881973343
120.206703503044820991 232.533802920553995364 186.091048804224101332 167.023877560905532391 -33.549247025055834115 -114.463906822691896537
120.231578572764021828 232.168012600620727426 186.157237185127030443 167.023533342188727602 -33.549218900057702797 -114.464006360794627426
120.268301593087542756 231.792189794931687175 186.217626969567220385 167.023180009174041061 -33.549190718195511351 -114.464102666400776798
120.313225234759997306 231.415925578760436565 186.272525449789327467 167.022828804532537106 -33.549163818245112623 -114.464190564763697466
119.169724672478650973 231.457079297758866687 187.043056630342050539 167.023066686219380017 -33.549191584368031727 -114.464354712670541403
122.268555524342559693 232.517641945112472968 191.609987032457212308 167.011635853178177058 -33.544459831435709418 -114.474154228117612320
127.030490128604753863 233.221402897055895664 188.202407969801328136 167.024688471334656015 -33.546951394754181308 -114.453444201245886802
