127.66364475 233.64176487 187.39158409 166.95075389 -33.69960276 -114.33873020
122.91049447 232.93481403 190.80937480 166.95075389 -33.69960276 -114.33873020
119.77025191 231.87165168 186.22230390 166.95075389 -33.69960276 -114.33873020
121.31085757 231.84919100 185.17266977 166.95075389 -33.69960276 -114.33873020
121.36293782 231.52010339 185.21329024 166.95075389 -33.69960276 -114.33873020
121.42895557 231.24437878 185.23200115 166.95075389 -33.69960276 -114.33873020
121.52680442 230.98246888 185.22571906 166.95075389 -33.69960276 -114.33873020
121.66414720 230.70911753 185.19505182 166.95075389 -33.69960276 -114.33873020
121.83257521 230.43505082 185.14326989 166.95075389 -33.69960276 -114.33873020
122.01398511 230.18802733 185.07633284 166.95075389 -33.69960276 -114.33873020
122.20735375 229.96584199 184.99545217 166.95075389 -33.69960276 -114.33873020
122.40756635 229.77610265 184.90236610 166.95075389 -33.69960276 -114.33873020
122.76799216 229.50417428 184.71864963 166.95075389 -33.69960276 -114.33873020
123.15219237 229.26405517 184.51128500 166.95075389 -33.69960276 -114.33873020
123.53452781 229.08100757 184.29196930 166.95075389 -33.69960276 -114.33873020
123.65221916 229.04475255 184.21980246 166.95075389 -33.69960276 -114.33873020
123.79882243 229.01167815 184.12710575 166.95075389 -33.69960276 -114.33873020
123.96414182 228.98476190 184.02016896 166.95075389 -33.69960276 -114.33873020
124.31353735 228.93531048 183.79243936 166.95075389 -33.69960276 -114.33873020
124.64515037 228.90798042 183.57175625 166.95075389 -33.69960276 -114.33873020
124.94931757 228.90744498 183.36365188 166.95075389 -33.69960276 -114.33873020
125.16540864 228.93775933 183.20869298 166.95075389 -33.69960276 -114.33873020
125.36486767 229.00297788 183.05703027 166.95075389 -33.69960276 -114.33873020
125.55404687 229.10346480 182.90423069 166.95075389 -33.69960276 -114.33873020
125.86160593 229.33493022 182.64003260 166.95075389 -33.69960276 -114.33873020
126.18219412 229.62546445 182.35322436 166.95075389 -33.69960276 -114.33873020
126.51544158 229.93444662 182.05347402 166.95075389 -33.69960276 -114.33873020
126.84203732 230.24693581 181.75746452 166.95075389 -33.69960276 -114.33873020
127.15460678 230.55872952 181.47121839 166.95075389 -33.69960276 -114.33873020
127.43674999 230.87230080 181.20538965 166.95075389 -33.69960276 -114.33873020
127.69448517 231.21697048 180.94906250 166.95075389 -33.69960276 -114.33873020
127.91728615 231.57145652 180.71437563 166.95075389 -33.69960276 -114.33873020
128.07867504 231.93714769 180.51913353 166.95075389 -33.69960276 -114.33873020
128.14366654 232.17447024 180.41963616 166.95075389 -33.69960276 -114.33873020
128.17919812 232.42811245 180.33652417 166.95075389 -33.69960276 -114.33873020
128.18251265 232.68849112 180.27390616 166.95075389 -33.69960276 -114.33873020
128.14698763 233.00798541 180.22417571 166.95075389 -33.69960276 -114.33873020
128.06990426 233.33879737 180.20027236 166.95075389 -33.69960276 -114.33873020
127.96081387 233.66962357 180.19827726 166.95075389 -33.69960276 -114.33873020
127.78510641 234.07027899 180.22570267 166.95075389 -33.69960276 -114.33873020
127.57484313 234.46778121 180.27751532 166.95075389 -33.69960276 -114.33873020
127.33430975 234.84797035 180.35406316 166.95075389 -33.69960276 -114.33873020
127.16120183 235.08443607 180.41776382 166.95075389 -33.69960276 -114.33873020
126.97957506 235.30980572 180.48986813 166.95075389 -33.69960276 -114.33873020
126.79156087 235.51017182 180.57214033 166.95075389 -33.69960276 -114.33873020
126.65228997 235.63717426 180.63804736 166.95075389 -33.69960276 -114.33873020
126.51412530 235.73790193 180.70928688 166.95075389 -33.69960276 -114.33873020
126.38196945 235.81337862 180.78226536 166.95075389 -33.69960276 -114.33873020
125.86444986 236.00633017 181.09183071 166.95075389 -33.69960276 -114.33873020
125.30466811 236.14987531 181.44177923 166.95075389 -33.69960276 -114.33873020
124.73977477 236.25375180 181.80442122 166.95075389 -33.69960276 -114.33873020
124.39760096 236.28437570 182.03157066 166.95075389 -33.69960276 -114.33873020
124.06986446 236.27897883 182.25718519 166.95075389 -33.69960276 -114.33873020
123.75621438 236.22894082 182.48350300 166.95075389 -33.69960276 -114.33873020
123.47944329 236.14762634 182.69182306 166.95075389 -33.69960276 -114.33873020
123.18455972 236.03618304 182.91952572 166.95075389 -33.69960276 -114.33873020
122.87907978 235.90858743 183.15822619 166.95075389 -33.69960276 -114.33873020
122.57148616 235.77320411 183.40017863 166.95075389 -33.69960276 -114.33873020
122.28479179 235.64185072 183.62688972 166.95075389 -33.69960276 -114.33873020
122.04662178 235.50307733 183.82210150 166.95075389 -33.69960276 -114.33873020
121.91848761 235.39858539 183.93403878 166.95075389 -33.69960276 -114.33873020
121.79920859 235.26932745 184.04565407 166.95075389 -33.69960276 -114.33873020
121.69073798 235.11607154 184.15543217 166.95075389 -33.69960276 -114.33873020
121.59367030 234.94068274 184.26253381 166.95075389 -33.69960276 -114.33873020
121.50741402 234.74551614 184.36681810 166.95075389 -33.69960276 -114.33873020
121.43487668 234.54160409 184.46373756 166.95075389 -33.69960276 -114.33873020
121.32119975 234.10752271 184.64216780 166.95075389 -33.69960276 -114.33873020
121.24354240 233.66003607 184.79904653 166.95075389 -33.69960276 -114.33873020
121.20450722 233.21506599 184.92890181 166.95075389 -33.69960276 -114.33873020
121.20734043 232.91091767 184.99745581 166.95075389 -33.69960276 -114.33873020
121.23117961 232.57046247 185.06004440 166.95075389 -33.69960276 -114.33873020
121.26720684 232.20901481 185.11915474 166.95075389 -33.69960276 -114.33873020
121.31085757 231.84919100 185.17266977 166.95075389 -33.69960276 -114.33873020
119.77025191 231.87165168 186.22230390 166.95075389 -33.69960276 -114.33873020
122.91049447 232.93481403 190.80937480 166.95075389 -33.69960276 -114.33873020
127.66364475 233.64176487 187.39158409 166.95075389 -33.69960276 -114.33873020
