127.66364475 233.64176487 187.39158409 166.95075389 -33.69960276 -114.33873020
122.91049447 232.93481403 190.80937480 166.95075389 -33.69960276 -114.33873020
119.77025191 231.87165168 186.22230390 166.95075389 -33.69960276 -114.33873020
120.91196473 231.83116966 185.44992293 166.95075389 -33.69960276 -114.33873020
120.96930156 231.46886402 185.49464388 166.95075389 -33.69960276 -114.33873020
121.04925469 231.13493846 185.51730428 166.95075389 -33.69960276 -114.33873020
121.17127180 230.80833893 185.50947031 166.95075389 -33.69960276 -114.33873020
121.33430682 230.48385217 185.47306638 166.95075389 -33.69960276 -114.33873020
121.52809562 230.16851822 185.41348747 166.95075389 -33.69960276 -114.33873020
121.73682987 229.88428728 185.33646827 166.95075389 -33.69960276 -114.33873020
121.96169703 229.62590955 185.24241261 166.95075389 -33.69960276 -114.33873020
122.20037339 229.39971851 185.13144336 166.95075389 -33.69960276 -114.33873020
122.59906354 229.09892092 184.92822280 166.95075389 -33.69960276 -114.33873020
123.02131266 228.83502215 184.70032193 166.95075389 -33.69960276 -114.33873020
123.45262551 228.62852577 184.45291181 166.95075389 -33.69960276 -114.33873020
123.61229906 228.57933820 184.35500198 166.95075389 -33.69960276 -114.33873020
123.78377296 228.54065299 184.24657964 166.95075389 -33.69960276 -114.33873020
123.96359132 228.51137598 184.13026422 166.95075389 -33.69960276 -114.33873020
124.32685634 228.45996162 183.89349473 166.95075389 -33.69960276 -114.33873020
124.68243169 228.43065662 183.65686510 166.95075389 -33.69960276 -114.33873020
125.02379866 228.43005560 183.42330950 166.95075389 -33.69960276 -114.33873020
125.29114022 228.46755989 183.23159882 166.95075389 -33.69960276 -114.33873020
125.54380993 228.55017682 183.03947635 166.95075389 -33.69960276 -114.33873020
125.78019077 228.67573606 182.84855211 166.95075389 -33.69960276 -114.33873020
126.12091749 228.93216307 182.55586248 166.95075389 -33.69960276 -114.33873020
126.45456541 229.23453263 182.25737061 166.95075389 -33.69960276 -114.33873020
126.79127695 229.54672674 181.95450438 166.95075389 -33.69960276 -114.33873020
127.12250871 229.86365173 181.65429302 166.95075389 -33.69960276 -114.33873020
127.44450371 230.18484758 181.35941513 166.95075389 -33.69960276 -114.33873020
127.74432320 230.51806416 181.07693220 166.95075389 -33.69960276 -114.33873020
128.02158373 230.88884518 180.80118636 166.95075389 -33.69960276 -114.33873020
128.26872620 231.28205989 180.54085936 166.95075389 -33.69960276 -114.33873020
128.45600670 231.70641811 180.31429477 166.95075389 -33.69960276 -114.33873020
128.53840047 232.00728705 180.18815568 166.95075389 -33.69960276 -114.33873020
128.58305007 232.32601742 180.08371589 166.95075389 -33.69960276 -114.33873020
128.58724073 232.65524902 180.00453980 166.95075389 -33.69960276 -114.33873020
128.54399436 233.04418736 179.94399997 166.95075389 -33.69960276 -114.33873020
128.45290371 233.43511220 179.91575322 166.95075389 -33.69960276 -114.33873020
128.32650998 233.81841221 179.91344169 166.95075389 -33.69960276 -114.33873020
128.13067512 234.26496268 179.94400876 166.95075389 -33.69960276 -114.33873020
127.89969595 234.70162905 180.00092599 166.95075389 -33.69960276 -114.33873020
127.63681166 235.11714620 180.08458684 166.95075389 -33.69960276 -114.33873020
127.44476695 235.37947965 180.15525589 166.95075389 -33.69960276 -114.33873020
127.24231791 235.63068627 180.23562649 166.95075389 -33.69960276 -114.33873020
127.02669307 235.86047699 180.32998070 166.95075389 -33.69960276 -114.33873020
126.85272488 236.01912016 180.41230750 166.95075389 -33.69960276 -114.33873020
126.67251542 236.15050028 180.50522585 166.95075389 -33.69960276 -114.33873020
126.48866127 236.25550288 180.60675290 166.95075389 -33.69960276 -114.33873020
125.92048400 236.46734154 180.94662024 166.95075389 -33.69960276 -114.33873020
125.32864015 236.61910843 181.31661242 166.95075389 -33.69960276 -114.33873020
124.73498363 236.72827402 181.69771940 166.95075389 -33.69960276 -114.33873020
124.35843892 236.76197428 181.94768565 166.95075389 -33.69960276 -114.33873020
123.98927859 236.75589510 182.20181647 166.95075389 -33.69960276 -114.33873020
123.63239288 236.69895952 182.45933145 166.95075389 -33.69960276 -114.33873020
123.32439898 236.60847173 182.69115232 166.95075389 -33.69960276 -114.33873020
123.01309098 236.49082158 182.93153750 166.95075389 -33.69960276 -114.33873020
122.69974436 236.35994008 183.17638496 166.95075389 -33.69960276 -114.33873020
122.38716961 236.22236433 183.42225556 166.95075389 -33.69960276 -114.33873020
122.08392271 236.08342696 183.66205604 166.95075389 -33.69960276 -114.33873020
121.80966309 235.92362552 183.88684799 166.95075389 -33.69960276 -114.33873020
121.64214031 235.78701256 184.03319496 166.95075389 -33.69960276 -114.33873020
121.48968513 235.62180280 184.17585485 166.95075389 -33.69960276 -114.33873020
121.35452628 235.43083983 184.31264284 166.95075389 -33.69960276 -114.33873020
121.23761328 235.21959288 184.44164128 166.95075389 -33.69960276 -114.33873020
121.13699937 234.99194034 184.56328398 166.95075389 -33.69960276 -114.33873020
121.05219927 234.75355634 184.67658804 166.95075389 -33.69960276 -114.33873020
120.92816169 234.27991131 184.87128084 166.95075389 -33.69960276 -114.33873020
120.84320043 233.79033892 185.04291409 166.95075389 -33.69960276 -114.33873020
120.79995240 233.29734242 185.18678468 166.95075389 -33.69960276 -114.33873020
120.80319161 232.94961116 185.26516213 166.95075389 -33.69960276 -114.33873020
120.82881818 232.58363115 185.33244308 166.95075389 -33.69960276 -114.33873020
120.86629664 232.20761920 185.39393555 166.95075389 -33.69960276 -114.33873020
120.91196473 231.83116966 185.44992293 166.95075389 -33.69960276 -114.33873020
119.77025191 231.87165168 186.22230390 166.95075389 -33.69960276 -114.33873020
122.91049447 232.93481403 190.80937480 166.95075389 -33.69960276 -114.33873020
127.66364475 233.64176487 187.39158409 166.95075389 -33.69960276 -114.33873020
