127.66364475 233.64176487 187.39158409 166.95075389 -33.69960276 -114.33873020
123.79464650 233.06631672 190.17361821 166.95075389 -33.69960276 -114.33873020
121.86588667 232.41331467 187.35620587 166.95075389 -33.69960276 -114.33873020
122.42979822 233.67882221 186.67684881 166.95075389 -33.69960276 -114.33873020
122.48609803 233.41244317 186.70004642 166.95075389 -33.69960276 -114.33873020
122.53134923 233.26823413 186.73314880 166.95075389 -33.69960276 -114.33873020
122.57653573 233.17282256 186.77625470 166.95075389 -33.69960276 -114.33873020
122.78820628 232.85214547 187.00429646 166.95075389 -33.69960276 -114.33873020
123.06468186 232.48839004 187.31355260 166.95075389 -33.69960276 -114.33873020
123.18101312 232.31326435 187.43911170 166.95075389 -33.69960276 -114.33873020
123.26916262 232.14867021 187.52765658 166.95075389 -33.69960276 -114.33873020
123.35965739 231.94643415 187.61167702 166.95075389 -33.69960276 -114.33873020
123.54046860 231.41317291 187.75283060 166.95075389 -33.69960276 -114.33873020
123.59676840 231.14679394 187.77602820 166.95075389 -33.69960276 -114.33873020
123.89494409 230.84677423 187.78357489 166.95075389 -33.69960276 -114.33873020
123.83864429 231.11315321 187.76037728 166.95075389 -33.69960276 -114.33873020
123.66022424 231.54087045 187.60071793 166.95075389 -33.69960276 -114.33873020
123.53798826 231.96943160 187.51936879 166.95075389 -33.69960276 -114.33873020
123.47933045 232.12265835 187.46948698 166.95075389 -33.69960276 -114.33873020
123.37624214 232.33130183 187.36927794 166.95075389 -33.69960276 -114.33873020
123.21032330 232.56346637 187.18655515 166.95075389 -33.69960276 -114.33873020
122.98592823 232.82182442 186.92792694 166.95075389 -33.69960276 -114.33873020
122.79314131 233.08391411 186.71402834 166.95075389 -33.69960276 -114.33873020
122.69908111 233.25754979 186.61913360 166.95075389 -33.69960276 -114.33873020
122.66410885 233.35741572 186.59115409 166.95075389 -33.69960276 -114.33873020
122.64346039 233.45905823 186.58346228 166.95075389 -33.69960276 -114.33873020
122.63473078 233.56746930 186.59374616 166.95075389 -33.69960276 -114.33873020
122.63283803 233.97333579 186.67506511 166.95075389 -33.69960276 -114.33873020
122.57653823 234.23971476 186.65186750 166.95075389 -33.69960276 -114.33873020
122.71571161 234.66053155 186.58738934 166.95075389 -33.69960276 -114.33873020
122.77201143 234.39415247 186.61058696 166.95075389 -33.69960276 -114.33873020
122.80734929 233.95102696 186.56807358 166.95075389 -33.69960276 -114.33873020
122.80810163 233.45355395 186.46622037 166.95075389 -33.69960276 -114.33873020
122.82340314 233.34727914 186.46551796 166.95075389 -33.69960276 -114.33873020
122.85245402 233.24795343 186.48537430 166.95075389 -33.69960276 -114.33873020
122.89908964 233.15217229 186.53041905 166.95075389 -33.69960276 -114.33873020
123.13949345 232.80444235 186.79282468 166.95075389 -33.69960276 -114.33873020
123.36973257 232.56857085 187.06423145 166.95075389 -33.69960276 -114.33873020
123.51682927 232.37765004 187.22930918 166.95075389 -33.69960276 -114.33873020
123.63502985 232.13644743 187.34380030 166.95075389 -33.69960276 -114.33873020
123.69437393 231.93866385 187.38542019 166.95075389 -33.69960276 -114.33873020
123.76053832 231.63503017 187.41463064 166.95075389 -33.69960276 -114.33873020
123.78854942 231.54338600 187.43462983 166.95075389 -33.69960276 -114.33873020
123.92396316 231.24852393 187.56196029 166.95075389 -33.69960276 -114.33873020
124.12506459 230.91610995 187.77287578 166.95075389 -33.69960276 -114.33873020
124.18136441 230.64973087 187.79607339 166.95075389 -33.69960276 -114.33873020
124.44734984 230.51389013 187.79281272 166.95075389 -33.69960276 -114.33873020
124.39105001 230.78026922 187.76961510 166.95075389 -33.69960276 -114.33873020
124.28391136 230.97341594 187.66056780 166.95075389 -33.69960276 -114.33873020
124.10347421 231.22528930 187.46173092 166.95075389 -33.69960276 -114.33873020
123.94282761 231.48096509 187.29120346 166.95075389 -33.69960276 -114.33873020
123.88236490 231.62874264 187.23768441 166.95075389 -33.69960276 -114.33873020
123.78811064 232.04036468 187.19174593 166.95075389 -33.69960276 -114.33873020
123.73265886 232.21594414 187.15094629 166.95075389 -33.69960276 -114.33873020
123.68006114 232.33513926 187.10245305 166.95075389 -33.69960276 -114.33873020
123.58313933 232.48866450 186.99941890 166.95075389 -33.69960276 -114.33873020
123.47498189 232.60166059 186.87237605 166.95075389 -33.69960276 -114.33873020
123.36796937 232.68853237 186.74152178 166.95075389 -33.69960276 -114.33873020
123.26010011 232.79818917 186.61418899 166.95075389 -33.69960276 -114.33873020
123.02279967 233.15135670 186.35722400 166.95075389 -33.69960276 -114.33873020
122.97678713 233.25646923 186.31497591 166.95075389 -33.69960276 -114.33873020
122.96253375 233.33469004 186.31133315 166.95075389 -33.69960276 -114.33873020
122.96045570 233.46432356 186.33525716 166.95075389 -33.69960276 -114.33873020
122.97750357 233.76207304 186.42055358 166.95075389 -33.69960276 -114.33873020
122.97722729 233.97019413 186.46321803 166.95075389 -33.69960276 -114.33873020
122.91477692 234.74536713 186.53670796 166.95075389 -33.69960276 -114.33873020
122.85847709 235.01174622 186.51351035 166.95075389 -33.69960276 -114.33873020
123.04163679 235.29700726 186.48216536 166.95075389 -33.69960276 -114.33873020
123.09793661 235.03062817 186.50536298 166.95075389 -33.69960276 -114.33873020
123.08684939 234.77797477 186.43768395 166.95075389 -33.69960276 -114.33873020
123.14302403 233.85525333 186.32494675 166.95075389 -33.69960276 -114.33873020
123.13126468 233.63871306 186.26380278 166.95075389 -33.69960276 -114.33873020
123.10404209 233.44455235 186.18578304 166.95075389 -33.69960276 -114.33873020
123.09639037 233.28504990 186.14214953 166.95075389 -33.69960276 -114.33873020
123.10356552 233.20882892 186.13636219 166.95075389 -33.69960276 -114.33873020
123.15233812 233.09939891 186.18155568 166.95075389 -33.69960276 -114.33873020
123.44053720 232.73102129 186.50615972 166.95075389 -33.69960276 -114.33873020
123.62457587 232.59130653 186.73320463 166.95075389 -33.69960276 -114.33873020
123.68726397 232.52345016 186.80634978 166.95075389 -33.69960276 -114.33873020
123.77884375 232.37660046 186.90333552 166.95075389 -33.69960276 -114.33873020
123.82153694 232.27689830 186.94208646 166.95075389 -33.69960276 -114.33873020
123.87816848 232.08759549 186.98168820 166.95075389 -33.69960276 -114.33873020
123.96993037 231.68829242 187.02670863 166.95075389 -33.69960276 -114.33873020
124.04246393 231.53000923 187.09484168 166.95075389 -33.69960276 -114.33873020
124.26025806 231.28455548 187.34695907 166.95075389 -33.69960276 -114.33873020
124.35672380 231.14920261 187.45311779 166.95075389 -33.69960276 -114.33873020
124.49772831 230.90179964 187.59804004 166.95075389 -33.69960276 -114.33873020
124.57453057 230.72530726 187.66834313 166.95075389 -33.69960276 -114.33873020
124.59887467 230.63964392 187.68447970 166.95075389 -33.69960276 -114.33873020
124.65517449 230.37326484 187.70767732 166.95075389 -33.69960276 -114.33873020
124.70909233 230.19990796 187.40173205 166.95075389 -33.69960276 -114.33873020
124.65279251 230.46628704 187.37853443 166.95075389 -33.69960276 -114.33873020
124.69237955 230.62735414 187.46690429 166.95075389 -33.69960276 -114.33873020
124.69013257 230.71672327 187.48226490 166.95075389 -33.69960276 -114.33873020
124.62398982 230.90703055 187.42964361 166.95075389 -33.69960276 -114.33873020
124.51162765 231.16583297 187.32691243 166.95075389 -33.69960276 -114.33873020
124.43943514 231.29185379 187.25258040 166.95075389 -33.69960276 -114.33873020
124.38337904 231.36099067 187.18892329 166.95075389 -33.69960276 -114.33873020
124.21082392 231.50476978 186.97868934 166.95075389 -33.69960276 -114.33873020
124.10705060 231.62149441 186.85851475 166.95075389 -33.69960276 -114.33873020
124.01636047 231.79601080 186.76848896 166.95075389 -33.69960276 -114.33873020
123.96024704 232.16893262 186.76758832 166.95075389 -33.69960276 -114.33873020
123.93358253 232.28285959 186.75407091 166.95075389 -33.69960276 -114.33873020
123.89694164 232.38758437 186.72477585 166.95075389 -33.69960276 -114.33873020
123.80606333 232.52843305 186.62752438 166.95075389 -33.69960276 -114.33873020
123.70398191 232.63338134 186.50726686 166.95075389 -33.69960276 -114.33873020
123.54214593 232.75984735 186.30835898 166.95075389 -33.69960276 -114.33873020
123.30220765 233.01072106 186.02656662 166.95075389 -33.69960276 -114.33873020
123.25528582 233.09755884 185.97927394 166.95075389 -33.69960276 -114.33873020
123.23588601 233.19977617 185.97343756 166.95075389 -33.69960276 -114.33873020
123.23959675 233.31640509 186.00272215 166.95075389 -33.69960276 -114.33873020
123.28932475 233.65853306 186.14264655 166.95075389 -33.69960276 -114.33873020
123.29834388 233.85635700 186.19610830 166.95075389 -33.69960276 -114.33873020
123.23897639 234.76261363 186.30099953 166.95075389 -33.69960276 -114.33873020
123.23856906 235.23656262 186.39846675 166.95075389 -33.69960276 -114.33873020
123.18226924 235.50294171 186.37526913 166.95075389 -33.69960276 -114.33873020
123.29747016 235.63713818 186.21816646 166.95075389 -33.69960276 -114.33873020
123.35376999 235.37075909 186.24136408 166.95075389 -33.69960276 -114.33873020
123.38303335 234.78167823 186.16021282 166.95075389 -33.69960276 -114.33873020
123.44877441 233.98290551 186.08641780 166.95075389 -33.69960276 -114.33873020
123.44549506 233.72476989 186.02846327 166.95075389 -33.69960276 -114.33873020
123.41911251 233.50889242 185.94711979 166.95075389 -33.69960276 -114.33873020
123.36596679 233.23972288 185.81753338 166.95075389 -33.69960276 -114.33873020
123.36531784 233.09532717 185.78676344 166.95075389 -33.69960276 -114.33873020
123.38915308 232.99251313 185.79864481 166.95075389 -33.69960276 -114.33873020
123.42777289 232.93868704 185.84122008 166.95075389 -33.69960276 -114.33873020
123.61893696 232.80727760 186.07989225 166.95075389 -33.69960276 -114.33873020
123.83322949 232.63675725 186.34263950 166.95075389 -33.69960276 -114.33873020
123.94351880 232.50381470 186.46852134 166.95075389 -33.69960276 -114.33873020
123.99573987 232.41828171 186.52345361 166.95075389 -33.69960276 -114.33873020
124.02970883 232.32983005 186.55239879 166.95075389 -33.69960276 -114.33873020
124.05184004 232.23370232 186.56329337 166.95075389 -33.69960276 -114.33873020
124.07840995 231.96531564 186.54473008 166.95075389 -33.69960276 -114.33873020
124.10868959 231.83705448 186.56031014 166.95075389 -33.69960276 -114.33873020
124.14897273 231.76123596 186.60064960 166.95075389 -33.69960276 -114.33873020
124.23614867 231.65786423 186.70050405 166.95075389 -33.69960276 -114.33873020
124.45436380 231.48392497 186.96799930 166.95075389 -33.69960276 -114.33873020
124.54894997 231.37738559 187.07750402 166.95075389 -33.69960276 -114.33873020
124.62464307 231.22945261 187.15217193 166.95075389 -33.69960276 -114.33873020
124.69680610 231.00670109 187.20645477 166.95075389 -33.69960276 -114.33873020
124.71851199 230.86742218 187.20783228 166.95075389 -33.69960276 -114.33873020
124.72035834 230.75171437 187.18646649 166.95075389 -33.69960276 -114.33873020
124.66301158 230.29097152 187.01141180 166.95075389 -33.69960276 -114.33873020
124.71931140 230.02459243 187.03460942 166.95075389 -33.69960276 -114.33873020
124.79868394 229.89478894 186.77307343 166.95075389 -33.69960276 -114.33873020
124.74238412 230.16116802 186.74987581 166.95075389 -33.69960276 -114.33873020
124.72566841 230.37305645 186.77045707 166.95075389 -33.69960276 -114.33873020
124.72859302 230.48474042 186.79762555 166.95075389 -33.69960276 -114.33873020
124.77498067 230.92546636 186.95329893 166.95075389 -33.69960276 -114.33873020
124.77464602 231.07966940 186.98472956 166.95075389 -33.69960276 -114.33873020
124.72329550 231.32347219 186.96374520 166.95075389 -33.69960276 -114.33873020
124.66464320 231.45749285 186.90989837 166.95075389 -33.69960276 -114.33873020
124.61551468 231.52795763 186.85615018 166.95075389 -33.69960276 -114.33873020
124.31292268 231.78533840 186.48857071 166.95075389 -33.69960276 -114.33873020
124.26624849 231.84581843 186.43617048 166.95075389 -33.69960276 -114.33873020
124.22191954 231.92960730 186.39185308 166.95075389 -33.69960276 -114.33873020
124.19768586 232.01102989 186.37499292 166.95075389 -33.69960276 -114.33873020
124.17190847 232.17407309 186.37286866 166.95075389 -33.69960276 -114.33873020
124.13540728 232.31419664 186.35108991 166.95075389 -33.69960276 -114.33873020
124.09915390 232.40124453 186.31867739 166.95075389 -33.69960276 -114.33873020
123.99838341 232.57876614 186.21525438 166.95075389 -33.69960276 -114.33873020
123.93153582 232.66455447 186.14003370 166.95075389 -33.69960276 -114.33873020
123.83423524 232.75960191 186.02437701 166.95075389 -33.69960276 -114.33873020
123.71164555 232.84152696 185.87083623 166.95075389 -33.69960276 -114.33873020
123.53722935 232.91216137 185.64288449 166.95075389 -33.69960276 -114.33873020
123.49936329 232.95941382 185.59999775 166.95075389 -33.69960276 -114.33873020
123.47197740 233.04775379 185.58018458 166.95075389 -33.69960276 -114.33873020
123.46934460 233.14634266 185.59691568 166.95075389 -33.69960276 -114.33873020
123.57517564 233.58924740 185.83570816 166.95075389 -33.69960276 -114.33873020
123.59557091 233.78333683 185.90421835 166.95075389 -33.69960276 -114.33873020
123.59429464 234.13458255 185.97509663 166.95075389 -33.69960276 -114.33873020
123.51495722 235.05724184 186.05560832 166.95075389 -33.69960276 -114.33873020
123.45666673 235.45108382 186.05600725 166.95075389 -33.69960276 -114.33873020
123.40036691 235.71746290 186.03280963 166.95075389 -33.69960276 -114.33873020
123.49286997 235.77901659 185.82911509 166.95075389 -33.69960276 -114.33873020
123.54916979 235.51263751 185.85231271 166.95075389 -33.69960276 -114.33873020
123.61092432 235.29395487 185.89296197 166.95075389 -33.69960276 -114.33873020
123.65949970 235.04426332 185.90886887 166.95075389 -33.69960276 -114.33873020
123.72551018 234.41406128 185.87031644 166.95075389 -33.69960276 -114.33873020
123.74439248 234.01611069 185.81426237 166.95075389 -33.69960276 -114.33873020
123.72769086 233.69857842 185.72535551 166.95075389 -33.69960276 -114.33873020
123.68362733 233.47066358 185.61693309 166.95075389 -33.69960276 -114.33873020
123.57340658 233.18274737 185.40409431 166.95075389 -33.69960276 -114.33873020
123.55911405 233.11452894 185.37010696 166.95075389 -33.69960276 -114.33873020
123.55974661 233.02658450 185.35279585 166.95075389 -33.69960276 -114.33873020
123.59099343 232.93914009 185.37816369 166.95075389 -33.69960276 -114.33873020
123.64675525 232.89125238 185.44580681 166.95075389 -33.69960276 -114.33873020
123.80266462 232.85281396 185.65468051 166.95075389 -33.69960276 -114.33873020
123.90239361 232.81169327 185.78486888 166.95075389 -33.69960276 -114.33873020
123.95400088 232.77026559 185.84807046 166.95075389 -33.69960276 -114.33873020
124.04974873 232.65884422 185.95818091 166.95075389 -33.69960276 -114.33873020
124.10964966 232.55985668 186.02101061 166.95075389 -33.69960276 -114.33873020
124.21297582 232.33594724 186.11839276 166.95075389 -33.69960276 -114.33873020
124.26162397 232.25656228 186.16962782 166.95075389 -33.69960276 -114.33873020
124.39974259 231.95908445 186.30017893 166.95075389 -33.69960276 -114.33873020
124.71134860 231.63805017 186.66712789 166.95075389 -33.69960276 -114.33873020
124.77623253 231.55007415 186.73916517 166.95075389 -33.69960276 -114.33873020
124.80250113 231.48874659 186.76301186 166.95075389 -33.69960276 -114.33873020
124.85080387 231.30447269 186.79207087 166.95075389 -33.69960276 -114.33873020
124.86020219 231.20216440 186.78397930 166.95075389 -33.69960276 -114.33873020
124.85593583 231.10911034 186.75879832 166.95075389 -33.69960276 -114.33873020
124.78788994 230.72847685 186.58543443 166.95075389 -33.69960276 -114.33873020
124.77361031 230.42324387 186.50243989 166.95075389 -33.69960276 -114.33873020
124.79432584 230.24961926 186.49533589 166.95075389 -33.69960276 -114.33873020
124.83891203 230.07231722 186.52066834 166.95075389 -33.69960276 -114.33873020
124.89521185 229.80593812 186.54386595 166.95075389 -33.69960276 -114.33873020
125.00691701 229.75135093 186.34285285 166.95075389 -33.69960276 -114.33873020
124.95061719 230.01773003 186.31965523 166.95075389 -33.69960276 -114.33873020
124.83865688 230.29141814 186.22056195 166.95075389 -33.69960276 -114.33873020
124.79639528 230.48203441 186.20121628 166.95075389 -33.69960276 -114.33873020
124.79418865 230.54478181 186.21112646 166.95075389 -33.69960276 -114.33873020
124.82970835 230.82245375 186.31795889 166.95075389 -33.69960276 -114.33873020
124.93661214 231.15512177 186.53544140 166.95075389 -33.69960276 -114.33873020
124.95063995 231.23881648 186.57226177 166.95075389 -33.69960276 -114.33873020
124.95027227 231.42708264 186.61069224 166.95075389 -33.69960276 -114.33873020
124.90616301 231.58657648 186.58233953 166.95075389 -33.69960276 -114.33873020
124.86328785 231.67800163 186.54162347 166.95075389 -33.69960276 -114.33873020
124.75048970 231.84876856 186.42007631 166.95075389 -33.69960276 -114.33873020
124.50243857 232.10598600 186.12831351 166.95075389 -33.69960276 -114.33873020
124.32133297 232.31493769 185.91966891 166.95075389 -33.69960276 -114.33873020
124.22403051 232.53701258 185.83028451 166.95075389 -33.69960276 -114.33873020
124.12699271 232.68722217 185.72640323 166.95075389 -33.69960276 -114.33873020
124.00949281 232.78902752 185.58405300 166.95075389 -33.69960276 -114.33873020
123.74533314 232.88361472 185.23624875 166.95075389 -33.69960276 -114.33873020
123.70577996 232.92159847 185.18909854 166.95075389 -33.69960276 -114.33873020
123.67576295 232.99186612 185.16188810 166.95075389 -33.69960276 -114.33873020
123.67055001 233.08181402 185.17324365 166.95075389 -33.69960276 -114.33873020
123.69066801 233.16523746 185.21847759 166.95075389 -33.69960276 -114.33873020
123.80946941 233.45721136 185.44408886 166.95075389 -33.69960276 -114.33873020
123.86302454 233.69153761 185.56703749 166.95075389 -33.69960276 -114.33873020
123.88646388 233.89840680 185.64242452 166.95075389 -33.69960276 -114.33873020
123.86844135 234.52568232 185.74710886 166.95075389 -33.69960276 -114.33873020
123.80544765 235.02701317 185.76320046 166.95075389 -33.69960276 -114.33873020
123.74813086 235.26395439 185.73249949 166.95075389 -33.69960276 -114.33873020
123.63494441 235.56260455 185.63686424 166.95075389 -33.69960276 -114.33873020
123.57864459 235.82898364 185.61366663 166.95075389 -33.69960276 -114.33873020
123.65127942 235.87312604 185.37873976 166.95075389 -33.69960276 -114.33873020
123.70757924 235.60674695 185.40193737 166.95075389 -33.69960276 -114.33873020
123.80188403 235.40676067 185.49172179 166.95075389 -33.69960276 -114.33873020
123.87562034 235.22191256 185.55603270 166.95075389 -33.69960276 -114.33873020
123.93240259 235.02887527 185.59507157 166.95075389 -33.69960276 -114.33873020
123.99017104 234.71337587 185.61015136 166.95075389 -33.69960276 -114.33873020
124.02696363 234.20801959 185.55678901 166.95075389 -33.69960276 -114.33873020
124.02372565 233.88546395 185.48556711 166.95075389 -33.69960276 -114.33873020
123.99156335 233.65715307 185.39361389 166.95075389 -33.69960276 -114.33873020
123.95984875 233.51631181 185.32037591 166.95075389 -33.69960276 -114.33873020
123.74869119 233.02157963 184.92438473 166.95075389 -33.69960276 -114.33873020
123.75132888 232.95480407 184.91424084 166.95075389 -33.69960276 -114.33873020
123.78536127 232.89476001 184.94915020 166.95075389 -33.69960276 -114.33873020
124.10924040 232.75300947 185.37025132 166.95075389 -33.69960276 -114.33873020
124.23950390 232.66298704 185.53278924 166.95075389 -33.69960276 -114.33873020
124.35473488 232.53675195 185.66693091 166.95075389 -33.69960276 -114.33873020
124.45656256 232.35563943 185.77108140 166.95075389 -33.69960276 -114.33873020
124.55543260 232.24019655 185.88470209 166.95075389 -33.69960276 -114.33873020
124.82364296 232.01683138 186.21150266 166.95075389 -33.69960276 -114.33873020
124.88642990 231.93378730 186.28164378 166.95075389 -33.69960276 -114.33873020
125.01196132 231.68052591 186.40383569 166.95075389 -33.69960276 -114.33873020
125.03980636 231.55746817 186.41710622 166.95075389 -33.69960276 -114.33873020
125.04168273 231.40169279 186.38749444 166.95075389 -33.69960276 -114.33873020
125.02398363 231.27259438 186.33617687 166.95075389 -33.69960276 -114.33873020
124.88615460 230.90347043 186.06814566 166.95075389 -33.69960276 -114.33873020
124.83348233 230.69329916 185.95142114 166.95075389 -33.69960276 -114.33873020
124.82400496 230.61649636 185.92235466 166.95075389 -33.69960276 -114.33873020
124.83245324 230.51154311 185.91239476 166.95075389 -33.69960276 -114.33873020
124.85418445 230.42698385 185.92512592 166.95075389 -33.69960276 -114.33873020
124.88546749 230.35601365 185.95395173 166.95075389 -33.69960276 -114.33873020
125.02387875 230.13654423 186.10104540 166.95075389 -33.69960276 -114.33873020
125.10399487 229.98642942 186.18141317 166.95075389 -33.69960276 -114.33873020
125.16029470 229.72005033 186.20461078 166.95075389 -33.69960276 -114.33873020
125.32123828 229.69175582 186.07751267 166.95075389 -33.69960276 -114.33873020
125.26493845 229.95813491 186.05431505 166.95075389 -33.69960276 -114.33873020
125.19923468 230.09118645 185.99046122 166.95075389 -33.69960276 -114.33873020
125.11841220 230.22181069 185.90507962 166.95075389 -33.69960276 -114.33873020
124.98469403 230.39224793 185.75437062 166.95075389 -33.69960276 -114.33873020
124.87388174 230.55692872 185.63432633 166.95075389 -33.69960276 -114.33873020
124.85319266 230.62503161 185.61964055 166.95075389 -33.69960276 -114.33873020
124.84984589 230.67223828 185.62475062 166.95075389 -33.69960276 -114.33873020
124.86239603 230.73926496 185.65606829 166.95075389 -33.69960276 -114.33873020
124.95172962 230.98507976 185.83115067 166.95075389 -33.69960276 -114.33873020
125.04703708 231.19195569 186.00648668 166.95075389 -33.69960276 -114.33873020
125.08917589 231.31590674 186.09072807 166.95075389 -33.69960276 -114.33873020
125.12163738 231.53830717 186.18187481 166.95075389 -33.69960276 -114.33873020
125.11986383 231.65302200 186.20313644 166.95075389 -33.69960276 -114.33873020
125.10664169 231.73994144 186.20272710 166.95075389 -33.69960276 -114.33873020
125.04116820 231.93253075 186.15150859 166.95075389 -33.69960276 -114.33873020
124.98724349 232.02620422 186.09589087 166.95075389 -33.69960276 -114.33873020
124.92730609 232.10188783 186.02819016 166.95075389 -33.69960276 -114.33873020
124.66418158 232.34845240 185.71326118 166.95075389 -33.69960276 -114.33873020
124.48218686 232.57809548 185.50765998 166.95075389 -33.69960276 -114.33873020
124.34109297 232.68343230 185.33322785 166.95075389 -33.69960276 -114.33873020
124.12765414 232.78234382 185.05685597 166.95075389 -33.69960276 -114.33873020
124.04704820 232.80381205 184.94919719 166.95075389 -33.69960276 -114.33873020
123.82940103 232.82204332 184.65028448 166.95075389 -33.69960276 -114.33873020
123.79378766 232.84376566 184.60524981 166.95075389 -33.69960276 -114.33873020
123.78166306 232.87387406 184.59461578 166.95075389 -33.69960276 -114.33873020
123.75922760 232.89501276 184.56778702 166.95075389 -33.69960276 -114.33873020
123.75185014 232.92771159 184.56429069 166.95075389 -33.69960276 -114.33873020
123.78681967 233.01096930 184.63014450 166.95075389 -33.69960276 -114.33873020
123.94221131 233.24036879 184.89369895 166.95075389 -33.69960276 -114.33873020
124.04935532 233.44497294 185.08502625 166.95075389 -33.69960276 -114.33873020
124.08935894 233.55714626 185.16386206 166.95075389 -33.69960276 -114.33873020
124.13238742 233.74547355 185.26265657 166.95075389 -33.69960276 -114.33873020
124.16495446 234.07860129 185.37685343 166.95075389 -33.69960276 -114.33873020
124.15264768 234.40754151 185.42777773 166.95075389 -33.69960276 -114.33873020
124.12904882 234.61224337 185.43730001 166.95075389 -33.69960276 -114.33873020
124.08457484 234.85818364 185.42632105 166.95075389 -33.69960276 -114.33873020
124.02081213 235.09168231 185.38594360 166.95075389 -33.69960276 -114.33873020
123.92583999 235.32606772 185.30234636 166.95075389 -33.69960276 -114.33873020
123.75207941 235.64195385 185.12603533 166.95075389 -33.69960276 -114.33873020
123.69577959 235.90833293 185.10283771 166.95075389 -33.69960276 -114.33873020
123.75860215 235.94650061 184.85302901 166.95075389 -33.69960276 -114.33873020
123.81490197 235.68012152 184.87622663 166.95075389 -33.69960276 -114.33873020
123.86471054 235.53935110 184.91637826 166.95075389 -33.69960276 -114.33873020
124.05680667 235.18568913 185.11037496 166.95075389 -33.69960276 -114.33873020
124.17288163 234.89018542 185.21067809 166.95075389 -33.69960276 -114.33873020
124.24556464 234.57587329 185.24674526 166.95075389 -33.69960276 -114.33873020
124.26715350 234.38609605 185.23751472 166.95075389 -33.69960276 -114.33873020
124.27051454 234.19053338 185.20173791 166.95075389 -33.69960276 -114.33873020
124.25441728 233.89791443 185.11882472 166.95075389 -33.69960276 -114.33873020
124.22374188 233.72425472 185.04024364 166.95075389 -33.69960276 -114.33873020
124.16083163 233.53427211 184.91345699 166.95075389 -33.69960276 -114.33873020
124.07450726 233.37387020 184.76022673 166.95075389 -33.69960276 -114.33873020
123.86798844 233.14933840 184.42657614 166.95075389 -33.69960276 -114.33873020
123.79472002 233.03597068 184.30123165 166.95075389 -33.69960276 -114.33873020
123.77865334 232.97059397 184.26536478 166.95075389 -33.69960276 -114.33873020
123.78657102 232.90537258 184.26288528 166.95075389 -33.69960276 -114.33873020
123.82941510 232.83207706 184.30730813 166.95075389 -33.69960276 -114.33873020
123.94920669 232.78468277 184.46410006 166.95075389 -33.69960276 -114.33873020
124.27406660 232.78049375 184.91501899 166.95075389 -33.69960276 -114.33873020
124.44308400 232.72113806 185.13779552 166.95075389 -33.69960276 -114.33873020
124.59149901 232.63174376 185.32570681 166.95075389 -33.69960276 -114.33873020
124.96174141 232.28032633 185.76791730 166.95075389 -33.69960276 -114.33873020
125.09314098 232.09465060 185.91224981 166.95075389 -33.69960276 -114.33873020
125.13976778 231.99981457 185.95747779 166.95075389 -33.69960276 -114.33873020
125.17711733 231.86770837 185.98209470 166.95075389 -33.69960276 -114.33873020
125.18739811 231.78206684 185.97867780 166.95075389 -33.69960276 -114.33873020
125.18280468 231.62225566 185.93923363 166.95075389 -33.69960276 -114.33873020
125.11088799 231.27397326 185.76717822 166.95075389 -33.69960276 -114.33873020
125.00254804 231.03570571 185.56722464 166.95075389 -33.69960276 -114.33873020
124.94277058 230.93918698 185.46412726 166.95075389 -33.69960276 -114.33873020
124.80535297 230.80606389 185.24548367 166.95075389 -33.69960276 -114.33873020
124.69192658 230.77277142 185.08085427 166.95075389 -33.69960276 -114.33873020
124.63419787 230.70633711 184.98682891 166.95075389 -33.69960276 -114.33873020
124.63832480 230.60159772 184.97090351 166.95075389 -33.69960276 -114.33873020
124.69211067 230.51404920 185.02759506 166.95075389 -33.69960276 -114.33873020
124.75681428 230.48835049 185.11226327 166.95075389 -33.69960276 -114.33873020
124.87077384 230.51536985 185.27633659 166.95075389 -33.69960276 -114.33873020
124.97124833 230.51665530 185.41633321 166.95075389 -33.69960276 -114.33873020
125.01600261 230.50178304 185.47549711 166.95075389 -33.69960276 -114.33873020
125.18931851 230.33423970 185.68187360 166.95075389 -33.69960276 -114.33873020
125.29475574 230.18123041 185.79685692 166.95075389 -33.69960276 -114.33873020
125.41116807 229.93497192 185.90781533 166.95075389 -33.69960276 -114.33873020
125.46746789 229.66859283 185.93101295 166.95075389 -33.69960276 -114.33873020
125.61258999 229.64803782 185.78351264 166.95075389 -33.69960276 -114.33873020
125.55629017 229.91441692 185.76031502 166.95075389 -33.69960276 -114.33873020
125.48369014 230.07850748 185.69329076 166.95075389 -33.69960276 -114.33873020
125.34717075 230.31473947 185.55229537 166.95075389 -33.69960276 -114.33873020
125.25176436 230.42406577 185.44222642 166.95075389 -33.69960276 -114.33873020
125.15916880 230.49060972 185.32721725 166.95075389 -33.69960276 -114.33873020
125.08984045 230.51175328 185.23517516 166.95075389 -33.69960276 -114.33873020
124.89841743 230.51857134 184.97037182 166.95075389 -33.69960276 -114.33873020
124.83743339 230.54639780 184.89131657 166.95075389 -33.69960276 -114.33873020
124.78196168 230.59132269 184.82346405 166.95075389 -33.69960276 -114.33873020
124.74777072 230.66280296 184.79069969 166.95075389 -33.69960276 -114.33873020
124.74772127 230.74249963 184.80711572 166.95075389 -33.69960276 -114.33873020
124.79618128 230.82130654 184.89081024 166.95075389 -33.69960276 -114.33873020
124.98085136 230.99184079 185.18290652 166.95075389 -33.69960276 -114.33873020
125.06661481 231.10885993 185.32638322 166.95075389 -33.69960276 -114.33873020
125.11904590 231.21393481 185.42103373 166.95075389 -33.69960276 -114.33873020
125.15449378 231.32505009 185.49331497 166.95075389 -33.69960276 -114.33873020
125.23724743 231.67659438 185.68111613 166.95075389 -33.69960276 -114.33873020
125.24905248 231.88280663 185.74018736 166.95075389 -33.69960276 -114.33873020
125.23675978 231.99253387 185.74578827 166.95075389 -33.69960276 -114.33873020
125.17673294 232.17922895 185.70092526 166.95075389 -33.69960276 -114.33873020
125.11870973 232.28347006 185.64179359 166.95075389 -33.69960276 -114.33873020
124.99946011 232.42484528 185.50519481 166.95075389 -33.69960276 -114.33873020
124.72113049 232.66071747 185.16690830 166.95075389 -33.69960276 -114.33873020
124.59515111 232.74075338 185.00826270 166.95075389 -33.69960276 -114.33873020
124.46649915 232.77616444 184.83666992 166.95075389 -33.69960276 -114.33873020
124.17662812 232.77098142 184.43247175 166.95075389 -33.69960276 -114.33873020
124.05066999 232.79368333 184.26199650 166.95075389 -33.69960276 -114.33873020
123.99332145 232.82433654 184.18858184 166.95075389 -33.69960276 -114.33873020
123.93206130 232.88875588 184.11671161 166.95075389 -33.69960276 -114.33873020
123.89563940 232.96063956 184.08092811 166.95075389 -33.69960276 -114.33873020
123.87688596 233.04954101 184.07323630 166.95075389 -33.69960276 -114.33873020
123.87676685 233.15317212 184.09450618 166.95075389 -33.69960276 -114.33873020
123.90246938 233.23811589 184.14782104 166.95075389 -33.69960276 -114.33873020
123.94523187 233.30367873 184.22085251 166.95075389 -33.69960276 -114.33873020
124.10852587 233.45918565 184.48011258 166.95075389 -33.69960276 -114.33873020
124.23795367 233.67987510 184.70575727 166.95075389 -33.69960276 -114.33873020
124.31005533 233.89359590 184.85023662 166.95075389 -33.69960276 -114.33873020
124.33232948 234.00192097 184.90361990 166.95075389 -33.69960276 -114.33873020
124.35023760 234.33051914 184.99649356 166.95075389 -33.69960276 -114.33873020
124.34352425 234.44166648 185.01014745 166.95075389 -33.69960276 -114.33873020
124.31212501 234.64824842 185.00921058 166.95075389 -33.69960276 -114.33873020
124.26082229 234.84132026 184.97779929 166.95075389 -33.69960276 -114.33873020
124.18097044 235.04050237 184.90794834 166.95075389 -33.69960276 -114.33873020
124.04970227 235.29347866 184.77771933 166.95075389 -33.69960276 -114.33873020
123.98391023 235.57977675 184.74544094 166.95075389 -33.69960276 -114.33873020
123.96922529 235.74457183 184.75910540 166.95075389 -33.69960276 -114.33873020
123.91292546 236.01095093 184.73590778 166.95075389 -33.69960276 -114.33873020
124.11032856 236.08260959 184.68018876 166.95075389 -33.69960276 -114.33873020
124.16662838 235.81623050 184.70338638 166.95075389 -33.69960276 -114.33873020
124.15577359 235.46343149 184.61531604 166.95075389 -33.69960276 -114.33873020
124.17776183 235.16665515 184.58450875 166.95075389 -33.69960276 -114.33873020
124.20706595 235.05308189 184.60177023 166.95075389 -33.69960276 -114.33873020
124.31258366 234.80942379 184.69811529 166.95075389 -33.69960276 -114.33873020
124.37274848 234.57072937 184.73241442 166.95075389 -33.69960276 -114.33873020
124.38914628 234.38601538 184.71701192 166.95075389 -33.69960276 -114.33873020
124.37503857 234.19738471 184.65837501 166.95075389 -33.69960276 -114.33873020
124.33180664 233.99859973 184.55713444 166.95075389 -33.69960276 -114.33873020
124.15254348 233.56984187 184.21914550 166.95075389 -33.69960276 -114.33873020
124.03270802 233.40862017 184.01914152 166.95075389 -33.69960276 -114.33873020
123.99832307 233.33082614 183.95523081 166.95075389 -33.69960276 -114.33873020
123.98349285 233.23574345 183.91493899 166.95075389 -33.69960276 -114.33873020
123.99617116 233.13292965 183.91130436 166.95075389 -33.69960276 -114.33873020
124.04371759 232.97089411 183.94391144 166.95075389 -33.69960276 -114.33873020
124.12419098 232.85809632 184.03249486 166.95075389 -33.69960276 -114.33873020
124.25200275 232.77907721 184.19389911 166.95075389 -33.69960276 -114.33873020
124.33651658 232.76068206 184.30762827 166.95075389 -33.69960276 -114.33873020
124.69799427 232.73586197 184.80520444 166.95075389 -33.69960276 -114.33873020
124.87189799 232.63699558 185.02660385 166.95075389 -33.69960276 -114.33873020
125.06661290 232.48255828 185.26545102 166.95075389 -33.69960276 -114.33873020
125.15649754 232.39242365 185.37181050 166.95075389 -33.69960276 -114.33873020
125.20488927 232.32693920 185.42556419 166.95075389 -33.69960276 -114.33873020
125.26156841 232.20430138 185.47902140 166.95075389 -33.69960276 -114.33873020
125.29884388 232.06894080 185.50286214 166.95075389 -33.69960276 -114.33873020
125.30999419 231.90923803 185.48533534 166.95075389 -33.69960276 -114.33873020
125.28396187 231.70440683 185.40676379 166.95075389 -33.69960276 -114.33873020
125.16508241 231.25538586 185.14855966 166.95075389 -33.69960276 -114.33873020
125.08528903 231.08794438 185.00295601 166.95075389 -33.69960276 -114.33873020
124.94270014 230.87175629 184.75993914 166.95075389 -33.69960276 -114.33873020
124.91710233 230.77574382 184.70448040 166.95075389 -33.69960276 -114.33873020
124.93046789 230.69159908 184.70566315 166.95075389 -33.69960276 -114.33873020
124.98551493 230.64117723 184.77178805 166.95075389 -33.69960276 -114.33873020
125.11176390 230.61395674 184.94173314 166.95075389 -33.69960276 -114.33873020
125.23356936 230.55638708 185.09922106 166.95075389 -33.69960276 -114.33873020
125.33648504 230.47709527 185.22594570 166.95075389 -33.69960276 -114.33873020
125.45556037 230.32489101 185.36006216 166.95075389 -33.69960276 -114.33873020
125.54096305 230.17943739 185.44874612 166.95075389 -33.69960276 -114.33873020
125.67749792 229.89675472 185.58015498 166.95075389 -33.69960276 -114.33873020
125.73379774 229.63037563 185.60335260 166.95075389 -33.69960276 -114.33873020
125.83627268 229.62152946 185.39896433 166.95075389 -33.69960276 -114.33873020
125.77997286 229.88790856 185.37576672 166.95075389 -33.69960276 -114.33873020
125.63513850 230.21507831 185.24201759 166.95075389 -33.69960276 -114.33873020
125.48762557 230.48220991 185.09212479 166.95075389 -33.69960276 -114.33873020
125.35891743 230.64123136 184.94602199 166.95075389 -33.69960276 -114.33873020
125.14342536 230.77562987 184.67413493 166.95075389 -33.69960276 -114.33873020
125.11032761 230.81811847 184.63689415 166.95075389 -33.69960276 -114.33873020
125.08500696 230.88280319 184.61506017 166.95075389 -33.69960276 -114.33873020
125.07685785 230.93218156 184.61394078 166.95075389 -33.69960276 -114.33873020
125.08654617 230.99141176 184.63966584 166.95075389 -33.69960276 -114.33873020
125.18956058 231.20996205 184.82813476 166.95075389 -33.69960276 -114.33873020
125.27247761 231.46035619 184.99524079 166.95075389 -33.69960276 -114.33873020
125.34445869 231.75448516 185.15618440 166.95075389 -33.69960276 -114.33873020
125.35638826 232.01149161 185.22593530 166.95075389 -33.69960276 -114.33873020
125.34330189 232.11591525 185.22933541 166.95075389 -33.69960276 -114.33873020
125.31663132 232.21464305 185.21266573 166.95075389 -33.69960276 -114.33873020
125.27772629 232.30360278 185.17696099 166.95075389 -33.69960276 -114.33873020
125.15227683 232.47286549 185.03750841 166.95075389 -33.69960276 -114.33873020
125.00079308 232.58961008 184.85098666 166.95075389 -33.69960276 -114.33873020
124.87588691 232.64946577 184.68965941 166.95075389 -33.69960276 -114.33873020
124.51918405 232.72437551 184.20908440 166.95075389 -33.69960276 -114.33873020
124.39515406 232.77140470 184.04632258 166.95075389 -33.69960276 -114.33873020
124.30371036 232.85004300 183.93541694 166.95075389 -33.69960276 -114.33873020
124.24360282 232.92942329 183.86824425 166.95075389 -33.69960276 -114.33873020
124.19793868 233.02379234 183.82425845 166.95075389 -33.69960276 -114.33873020
124.14927431 233.24284744 183.80189082 166.95075389 -33.69960276 -114.33873020
124.15154970 233.32432806 183.82190904 166.95075389 -33.69960276 -114.33873020
124.18817540 233.54070392 183.91760085 166.95075389 -33.69960276 -114.33873020
124.20272542 233.70295286 183.97139597 166.95075389 -33.69960276 -114.33873020
124.24015790 233.84986683 184.05384195 166.95075389 -33.69960276 -114.33873020
124.33367154 234.13101832 184.24204677 166.95075389 -33.69960276 -114.33873020
124.37228896 234.33985815 184.33894969 166.95075389 -33.69960276 -114.33873020
124.36385292 234.54417962 184.36948036 166.95075389 -33.69960276 -114.33873020
124.29993708 234.83531994 184.34081282 166.95075389 -33.69960276 -114.33873020
124.29473658 234.94637427 184.35655140 166.95075389 -33.69960276 -114.33873020
124.32737209 235.87599903 184.59422555 166.95075389 -33.69960276 -114.33873020
124.27107227 236.14237811 184.57102793 166.95075389 -33.69960276 -114.33873020
124.40072430 236.18044513 184.41413881 166.95075389 -33.69960276 -114.33873020
124.45702412 235.91406605 184.43733643 166.95075389 -33.69960276 -114.33873020
124.45212763 235.66680907 184.37938312 166.95075389 -33.69960276 -114.33873020
124.38144758 234.91082765 184.12471725 166.95075389 -33.69960276 -114.33873020
124.33171904 234.66485071 184.00468041 166.95075389 -33.69960276 -114.33873020
124.28957066 234.37774397 183.88667788 166.95075389 -33.69960276 -114.33873020
124.29140447 234.25791916 183.86444308 166.95075389 -33.69960276 -114.33873020
124.33571998 233.94440056 183.86122347 166.95075389 -33.69960276 -114.33873020
124.33474706 233.82133208 183.83441440 166.95075389 -33.69960276 -114.33873020
124.40814621 233.30620890 183.82994087 166.95075389 -33.69960276 -114.33873020
124.50937051 232.92307321 183.89146489 166.95075389 -33.69960276 -114.33873020
124.59589865 232.76742545 183.97960543 166.95075389 -33.69960276 -114.33873020
124.68849783 232.67070727 184.08837828 166.95075389 -33.69960276 -114.33873020
124.74746125 232.63261121 184.16249925 166.95075389 -33.69960276 -114.33873020
125.13628932 232.48267826 184.67223292 166.95075389 -33.69960276 -114.33873020
125.20540475 232.43237629 184.75794765 166.95075389 -33.69960276 -114.33873020
125.26948685 232.35625025 184.83132092 166.95075389 -33.69960276 -114.33873020
125.31587980 232.26928849 184.87785244 166.95075389 -33.69960276 -114.33873020
125.37665527 232.07398301 184.92197556 166.95075389 -33.69960276 -114.33873020
125.39032296 231.96361916 184.91815518 166.95075389 -33.69960276 -114.33873020
125.38961801 231.84670189 184.89299111 166.95075389 -33.69960276 -114.33873020
125.36617595 231.64625186 184.81892808 166.95075389 -33.69960276 -114.33873020
125.25370282 231.11783953 184.55321163 166.95075389 -33.69960276 -114.33873020
125.26228873 230.98365142 184.53739607 166.95075389 -33.69960276 -114.33873020
125.30599886 230.90511237 184.58193876 166.95075389 -33.69960276 -114.33873020
125.41945860 230.80334672 184.71867851 166.95075389 -33.69960276 -114.33873020
125.50566408 230.70697436 184.81863111 166.95075389 -33.69960276 -114.33873020
125.64187279 230.47536050 184.96014968 166.95075389 -33.69960276 -114.33873020
125.88357953 229.90979758 185.17930976 166.95075389 -33.69960276 -114.33873020
125.93987935 229.64341850 185.20250738 166.95075389 -33.69960276 -114.33873020
126.03373235 229.69638706 184.99891448 166.95075389 -33.69960276 -114.33873020
125.97743253 229.96276615 184.97571687 166.95075389 -33.69960276 -114.33873020
125.87167795 230.27853227 184.89395754 166.95075389 -33.69960276 -114.33873020
125.76987723 230.52169795 184.80267987 166.95075389 -33.69960276 -114.33873020
125.71146751 230.63632230 184.74515840 166.95075389 -33.69960276 -114.33873020
125.45257260 231.04536577 184.46971941 166.95075389 -33.69960276 -114.33873020
125.42400544 231.12183570 184.44580821 166.95075389 -33.69960276 -114.33873020
125.40928685 231.20956065 184.44348435 166.95075389 -33.69960276 -114.33873020
125.39968488 231.57823549 184.50638914 166.95075389 -33.69960276 -114.33873020
125.40893325 231.80803185 184.56678301 166.95075389 -33.69960276 -114.33873020
125.40410751 231.91287249 184.58175750 166.95075389 -33.69960276 -114.33873020
125.38674392 232.01504496 184.57874362 166.95075389 -33.69960276 -114.33873020
125.35337304 232.11211068 184.55241195 166.95075389 -33.69960276 -114.33873020
125.30522201 232.20834839 184.50535415 166.95075389 -33.69960276 -114.33873020
125.23817630 232.30158035 184.43139762 166.95075389 -33.69960276 -114.33873020
125.00654603 232.46805082 184.14370093 166.95075389 -33.69960276 -114.33873020
124.92459349 232.55443260 184.04759643 166.95075389 -33.69960276 -114.33873020
124.87487381 232.68655050 184.00577871 166.95075389 -33.69960276 -114.33873020
124.86087296 232.79359811 184.00844980 166.95075389 -33.69960276 -114.33873020
124.86604653 233.01759479 184.06197719 166.95075389 -33.69960276 -114.33873020
124.84897188 233.11567854 184.05851941 166.95075389 -33.69960276 -114.33873020
124.82048350 233.20812689 184.03802280 166.95075389 -33.69960276 -114.33873020
124.73481081 233.39186677 183.95688264 166.95075389 -33.69960276 -114.33873020
124.66644829 233.57809752 183.90033109 166.95075389 -33.69960276 -114.33873020
124.44079072 234.46338371 183.76962369 166.95075389 -33.69960276 -114.33873020
124.43444918 234.53914673 183.77647561 166.95075389 -33.69960276 -114.33873020
124.44001355 234.73676361 183.82508997 166.95075389 -33.69960276 -114.33873020
124.50889837 235.18241044 184.01306822 166.95075389 -33.69960276 -114.33873020
124.55139791 235.65613674 184.17016031 166.95075389 -33.69960276 -114.33873020
124.55551507 235.93153131 184.23284991 166.95075389 -33.69960276 -114.33873020
124.49921525 236.19791039 184.20965229 166.95075389 -33.69960276 -114.33873020
124.62610312 236.21351804 184.04427338 166.95075389 -33.69960276 -114.33873020
124.68240295 235.94713894 184.06747100 166.95075389 -33.69960276 -114.33873020
124.66643451 235.40761439 183.93366594 166.95075389 -33.69960276 -114.33873020
124.62297737 234.88866731 183.76588843 166.95075389 -33.69960276 -114.33873020
124.64786360 234.66386524 183.75399887 166.95075389 -33.69960276 -114.33873020
124.87970204 233.87226005 183.91267944 166.95075389 -33.69960276 -114.33873020
124.93708108 233.70258912 183.95738147 166.95075389 -33.69960276 -114.33873020
125.06852521 233.41641664 184.08098876 166.95075389 -33.69960276 -114.33873020
125.14575674 233.19620847 184.14284648 166.95075389 -33.69960276 -114.33873020
125.18463768 233.04126267 184.16486886 166.95075389 -33.69960276 -114.33873020
125.20199070 232.92108484 184.16414374 166.95075389 -33.69960276 -114.33873020
125.19947433 232.81732296 184.13918163 166.95075389 -33.69960276 -114.33873020
125.15894004 232.55155254 184.02783713 166.95075389 -33.69960276 -114.33873020
125.18633104 232.38275388 184.03101498 166.95075389 -33.69960276 -114.33873020
125.22982011 232.26916485 184.06800033 166.95075389 -33.69960276 -114.33873020
125.26360388 232.22095151 184.10501105 166.95075389 -33.69960276 -114.33873020
125.29224681 232.12446750 184.12488783 166.95075389 -33.69960276 -114.33873020
125.32074159 232.07955743 184.15522637 166.95075389 -33.69960276 -114.33873020
125.33185676 232.01661542 184.15766513 166.95075389 -33.69960276 -114.33873020
125.42848490 231.77280730 184.24161635 166.95075389 -33.69960276 -114.33873020
125.51083787 231.46805393 184.29310879 166.95075389 -33.69960276 -114.33873020
125.57670763 231.16808253 184.32266701 166.95075389 -33.69960276 -114.33873020
125.61766072 231.04489974 184.35414116 166.95075389 -33.69960276 -114.33873020
125.71378948 230.83910972 184.44526171 166.95075389 -33.69960276 -114.33873020
125.88850874 230.53031921 184.62437368 166.95075389 -33.69960276 -114.33873020
126.03338614 230.20465065 184.75849319 166.95075389 -33.69960276 -114.33873020
126.08343661 230.05585316 184.79732087 166.95075389 -33.69960276 -114.33873020
126.13973644 229.78947407 184.82051849 166.95075389 -33.69960276 -114.33873020
126.21603392 229.87386518 184.59901058 166.95075389 -33.69960276 -114.33873020
126.15973410 230.14024428 184.57581296 166.95075389 -33.69960276 -114.33873020
126.07872162 230.32809247 184.50200357 166.95075389 -33.69960276 -114.33873020
125.92650871 230.61216001 184.34907758 166.95075389 -33.69960276 -114.33873020
125.81696073 230.85371443 184.24669246 166.95075389 -33.69960276 -114.33873020
125.73789952 231.05568938 184.17851875 166.95075389 -33.69960276 -114.33873020
125.50452077 231.75245622 183.99807927 166.95075389 -33.69960276 -114.33873020
125.50106076 231.87099222 184.01778592 166.95075389 -33.69960276 -114.33873020
125.51388065 232.05020865 184.07268457 166.95075389 -33.69960276 -114.33873020
125.47346826 232.39112293 184.08699892 166.95075389 -33.69960276 -114.33873020
125.45702526 233.03525724 184.19736707 166.95075389 -33.69960276 -114.33873020
125.38481243 233.33573397 184.15909200 166.95075389 -33.69960276 -114.33873020
125.27403087 233.65943683 184.07198328 166.95075389 -33.69960276 -114.33873020
125.12330555 234.01314868 183.93553162 166.95075389 -33.69960276 -114.33873020
124.89371951 234.70556113 183.75946602 166.95075389 -33.69960276 -114.33873020
124.83347120 234.97168294 183.73072399 166.95075389 -33.69960276 -114.33873020
124.82850930 235.04959417 183.73993894 166.95075389 -33.69960276 -114.33873020
124.87239831 235.82604057 183.96157933 166.95075389 -33.69960276 -114.33873020
124.86636902 235.95735932 183.98035690 166.95075389 -33.69960276 -114.33873020
124.81006920 236.22373841 183.95715928 166.95075389 -33.69960276 -114.33873020
124.96790124 236.26584993 183.84029694 166.95075389 -33.69960276 -114.33873020
125.02420106 235.99947085 183.86349455 166.95075389 -33.69960276 -114.33873020
125.01962775 235.72352161 183.80005586 166.95075389 -33.69960276 -114.33873020
124.98501568 235.26315810 183.65669695 166.95075389 -33.69960276 -114.33873020
124.92214182 234.82290187 183.47819321 166.95075389 -33.69960276 -114.33873020
124.92953078 234.63425606 183.44944877 166.95075389 -33.69960276 -114.33873020
124.95891983 234.48419107 183.45928026 166.95075389 -33.69960276 -114.33873020
125.17579238 233.69512159 183.59767216 166.95075389 -33.69960276 -114.33873020
125.21738540 233.58158354 183.63203121 166.95075389 -33.69960276 -114.33873020
125.32241219 233.36250941 183.73277859 166.95075389 -33.69960276 -114.33873020
125.38416419 233.18660656 183.78227310 166.95075389 -33.69960276 -114.33873020
125.40748985 232.99064060 183.77417783 166.95075389 -33.69960276 -114.33873020
125.38261253 232.79370513 183.69884573 166.95075389 -33.69960276 -114.33873020
125.39609051 232.66287978 183.69052919 166.95075389 -33.69960276 -114.33873020
125.42429379 232.60003744 183.71675313 166.95075389 -33.69960276 -114.33873020
125.46115685 232.56745058 183.76127850 166.95075389 -33.69960276 -114.33873020
125.50185531 232.47939089 183.79966353 166.95075389 -33.69960276 -114.33873020
125.62636155 232.38713693 183.95373319 166.95075389 -33.69960276 -114.33873020
125.72226808 232.28983639 184.06698514 166.95075389 -33.69960276 -114.33873020
125.77701521 232.18406864 184.12124497 166.95075389 -33.69960276 -114.33873020
125.82221169 232.06828430 184.16015075 166.95075389 -33.69960276 -114.33873020
125.84649586 231.95469709 184.17042807 166.95075389 -33.69960276 -114.33873020
125.85629557 231.67594553 184.12639841 166.95075389 -33.69960276 -114.33873020
125.90251966 231.21794699 184.09594821 166.95075389 -33.69960276 -114.33873020
125.92981801 231.13665356 184.11709717 166.95075389 -33.69960276 -114.33873020
126.13413275 230.79568310 184.33071157 166.95075389 -33.69960276 -114.33873020
126.26763986 230.54519027 184.46456799 166.95075389 -33.69960276 -114.33873020
126.34931469 230.34853561 184.53747695 166.95075389 -33.69960276 -114.33873020
126.44554468 230.05266456 184.61010554 166.95075389 -33.69960276 -114.33873020
126.50184450 229.78628547 184.63330315 166.95075389 -33.69960276 -114.33873020
126.60490555 229.87867645 184.45067030 166.95075389 -33.69960276 -114.33873020
126.54860572 230.14505554 184.42747269 166.95075389 -33.69960276 -114.33873020
126.48624462 230.31534548 184.37597009 166.95075389 -33.69960276 -114.33873020
126.38395635 230.53663525 184.27948949 166.95075389 -33.69960276 -114.33873020
126.20987503 230.84883312 184.10196951 166.95075389 -33.69960276 -114.33873020
126.10765039 231.07871440 184.00735449 166.95075389 -33.69960276 -114.33873020
126.05227363 231.23816919 183.96332390 166.95075389 -33.69960276 -114.33873020
125.95736519 231.61149149 183.90855356 166.95075389 -33.69960276 -114.33873020
125.79259169 232.09449659 183.77930857 166.95075389 -33.69960276 -114.33873020
125.78694684 232.13452588 183.77973806 166.95075389 -33.69960276 -114.33873020
125.75117470 232.21712515 183.74707464 166.95075389 -33.69960276 -114.33873020
125.69796750 232.40167166 183.71125135 166.95075389 -33.69960276 -114.33873020
125.68730551 232.50988244 183.71880642 166.95075389 -33.69960276 -114.33873020
125.68868147 232.61252780 183.74195160 166.95075389 -33.69960276 -114.33873020
125.71892201 232.93940939 183.85162099 166.95075389 -33.69960276 -114.33873020
125.70333340 233.07965563 183.85895094 166.95075389 -33.69960276 -114.33873020
125.67481851 233.21242860 183.84675838 166.95075389 -33.69960276 -114.33873020
125.60468362 233.44317198 183.79694917 166.95075389 -33.69960276 -114.33873020
125.46269868 233.77151893 183.66740625 166.95075389 -33.69960276 -114.33873020
125.38656505 233.97297397 183.60319642 166.95075389 -33.69960276 -114.33873020
125.17625262 234.65999855 183.45282033 166.95075389 -33.69960276 -114.33873020
125.12384489 234.89153884 183.42782927 166.95075389 -33.69960276 -114.33873020
125.11659842 234.97353316 183.43471160 166.95075389 -33.69960276 -114.33873020
125.16664847 235.78611620 183.67239487 166.95075389 -33.69960276 -114.33873020
125.16654491 236.01558397 183.71971497 166.95075389 -33.69960276 -114.33873020
125.11024508 236.28196305 183.69651736 166.95075389 -33.69960276 -114.33873020
125.30272682 236.29240983 183.62129289 166.95075389 -33.69960276 -114.33873020
125.35902665 236.02603074 183.64449050 166.95075389 -33.69960276 -114.33873020
125.36741131 235.89546485 183.62914430 166.95075389 -33.69960276 -114.33873020
125.32574628 235.14910006 183.41681902 166.95075389 -33.69960276 -114.33873020
125.35190985 234.96273308 183.41465596 166.95075389 -33.69960276 -114.33873020
125.41937794 234.72446502 183.45919998 166.95075389 -33.69960276 -114.33873020
125.61159566 234.16369018 183.61052566 166.95075389 -33.69960276 -114.33873020
125.83594344 233.60365722 183.80668831 166.95075389 -33.69960276 -114.33873020
125.95872670 233.13448850 183.88039912 166.95075389 -33.69960276 -114.33873020
125.97309512 233.04121797 183.88108891 166.95075389 -33.69960276 -114.33873020
125.98349700 232.62561235 183.80958919 166.95075389 -33.69960276 -114.33873020
126.03791594 232.21836792 183.80103385 166.95075389 -33.69960276 -114.33873020
126.02700466 232.03136039 183.74717799 166.95075389 -33.69960276 -114.33873020
125.99435651 231.90538269 183.67571614 166.95075389 -33.69960276 -114.33873020
125.99387204 231.77051574 183.64714591 166.95075389 -33.69960276 -114.33873020
126.17278840 231.20600193 183.77919989 166.95075389 -33.69960276 -114.33873020
126.40306680 230.66336786 183.98720919 166.95075389 -33.69960276 -114.33873020
126.54280115 230.39203819 184.12541589 166.95075389 -33.69960276 -114.33873020
126.61366133 230.23031659 184.19051053 166.95075389 -33.69960276 -114.33873020
126.66996115 229.96393751 184.21370815 166.95075389 -33.69960276 -114.33873020
126.72064246 230.05629509 183.95822348 166.95075389 -33.69960276 -114.33873020
126.66434264 230.32267418 183.93502586 166.95075389 -33.69960276 -114.33873020
126.44464169 230.91466834 183.75193658 166.95075389 -33.69960276 -114.33873020
126.33639369 231.12145613 183.64416807 166.95075389 -33.69960276 -114.33873020
126.23764686 231.37892848 183.56009674 166.95075389 -33.69960276 -114.33873020
126.18805540 231.48079111 183.51219918 166.95075389 -33.69960276 -114.33873020
126.18201154 231.58292581 183.52491994 166.95075389 -33.69960276 -114.33873020
126.19485766 231.71421889 183.56994238 166.95075389 -33.69960276 -114.33873020
126.22811098 231.81457581 183.63694632 166.95075389 -33.69960276 -114.33873020
126.32602876 231.97678924 183.80667433 166.95075389 -33.69960276 -114.33873020
126.35198583 232.05857358 183.85968968 166.95075389 -33.69960276 -114.33873020
126.36508127 232.26858301 183.92134088 166.95075389 -33.69960276 -114.33873020
126.35240717 232.36492600 183.92364292 166.95075389 -33.69960276 -114.33873020
126.24934468 232.73398305 183.85665042 166.95075389 -33.69960276 -114.33873020
126.21559384 233.09636757 183.88467005 166.95075389 -33.69960276 -114.33873020
126.07799262 233.66762176 183.81146761 166.95075389 -33.69960276 -114.33873020
125.91615021 234.15994193 183.68822568 166.95075389 -33.69960276 -114.33873020
125.63094808 234.88871982 183.44233629 166.95075389 -33.69960276 -114.33873020
125.57093061 235.07361603 183.39711424 166.95075389 -33.69960276 -114.33873020
125.53908141 235.27306288 183.39407575 166.95075389 -33.69960276 -114.33873020
125.53693995 235.48432493 183.43479597 166.95075389 -33.69960276 -114.33873020
125.55744541 235.86716862 183.54250216 166.95075389 -33.69960276 -114.33873020
125.54411774 236.02496977 183.55660754 166.95075389 -33.69960276 -114.33873020
125.48781791 236.29134886 183.53340992 166.95075389 -33.69960276 -114.33873020
125.66429327 236.27827024 183.43105920 166.95075389 -33.69960276 -114.33873020
125.72059310 236.01189115 183.45425682 166.95075389 -33.69960276 -114.33873020
125.73846332 235.77517906 183.43014652 166.95075389 -33.69960276 -114.33873020
125.73775464 235.49076732 183.37033198 166.95075389 -33.69960276 -114.33873020
125.75959939 235.28627590 183.35841376 166.95075389 -33.69960276 -114.33873020
125.78487591 235.17779680 183.37112773 166.95075389 -33.69960276 -114.33873020
125.85786468 234.97667043 183.43103196 166.95075389 -33.69960276 -114.33873020
126.02522752 234.63152264 183.59239299 166.95075389 -33.69960276 -114.33873020
126.10912651 234.42528547 183.66641302 166.95075389 -33.69960276 -114.33873020
126.27412674 233.85965169 183.77888205 166.95075389 -33.69960276 -114.33873020
126.39383223 233.36571538 183.84318953 166.95075389 -33.69960276 -114.33873020
126.46196674 232.97399371 183.85691933 166.95075389 -33.69960276 -114.33873020
126.49660178 232.85903146 183.88130728 166.95075389 -33.69960276 -114.33873020
126.56159134 232.70266082 183.93934441 166.95075389 -33.69960276 -114.33873020
126.61631404 232.50751128 183.97508214 166.95075389 -33.69960276 -114.33873020
126.64864090 232.28781749 183.97459695 166.95075389 -33.69960276 -114.33873020
126.65000473 232.17640271 183.95344811 166.95075389 -33.69960276 -114.33873020
126.61880823 231.98425784 183.87031880 166.95075389 -33.69960276 -114.33873020
126.56063020 231.84612251 183.76083760 166.95075389 -33.69960276 -114.33873020
126.41290520 231.65125637 183.51508824 166.95075389 -33.69960276 -114.33873020
126.38413557 231.57914374 183.46016197 166.95075389 -33.69960276 -114.33873020
126.38580105 231.49648764 183.44538122 166.95075389 -33.69960276 -114.33873020
126.43270683 231.38857462 183.48829228 166.95075389 -33.69960276 -114.33873020
126.48070938 231.24067412 183.52445744 166.95075389 -33.69960276 -114.33873020
126.67122619 230.83696589 183.70590598 166.95075389 -33.69960276 -114.33873020
126.78847657 230.44342553 183.78756546 166.95075389 -33.69960276 -114.33873020
126.84477639 230.17704645 183.81076307 166.95075389 -33.69960276 -114.33873020
127.01992826 230.32002017 183.73885021 166.95075389 -33.69960276 -114.33873020
126.96362843 230.58639926 183.71565259 166.95075389 -33.69960276 -114.33873020
126.87508122 230.85040995 183.64711836 166.95075389 -33.69960276 -114.33873020
126.69742045 231.19922885 183.47219527 166.95075389 -33.69960276 -114.33873020
126.62030254 231.38818029 183.40403029 166.95075389 -33.69960276 -114.33873020
126.59917868 231.47829101 183.39329206 166.95075389 -33.69960276 -114.33873020
126.60360150 231.56791675 183.41798149 166.95075389 -33.69960276 -114.33873020
126.63098007 231.61243936 183.46526636 166.95075389 -33.69960276 -114.33873020
126.75347842 231.72939432 183.65981732 166.95075389 -33.69960276 -114.33873020
126.79142553 231.78755534 183.72462096 166.95075389 -33.69960276 -114.33873020
126.87022044 231.98949578 183.87597195 166.95075389 -33.69960276 -114.33873020
126.90295388 232.20300463 183.96565774 166.95075389 -33.69960276 -114.33873020
126.89727949 232.41520347 184.00165845 166.95075389 -33.69960276 -114.33873020
126.87835498 232.50958523 183.99486232 166.95075389 -33.69960276 -114.33873020
126.81729249 232.69500882 183.94829602 166.95075389 -33.69960276 -114.33873020
126.66684778 233.02362213 183.80704312 166.95075389 -33.69960276 -114.33873020
126.64496533 233.10728136 183.79391545 166.95075389 -33.69960276 -114.33873020
126.62014753 233.38774519 183.81741351 166.95075389 -33.69960276 -114.33873020
126.58130354 233.59548842 183.80636336 166.95075389 -33.69960276 -114.33873020
126.50962058 233.84483521 183.75824925 166.95075389 -33.69960276 -114.33873020
126.37257614 234.42109069 183.68685562 166.95075389 -33.69960276 -114.33873020
126.29592184 234.66238823 183.63016287 166.95075389 -33.69960276 -114.33873020
126.22382282 234.83943326 183.56651494 166.95075389 -33.69960276 -114.33873020
125.97843751 235.36036395 183.33300712 166.95075389 -33.69960276 -114.33873020
125.94058747 235.49414071 183.30803971 166.95075389 -33.69960276 -114.33873020
125.90898445 235.67748137 183.30201211 166.95075389 -33.69960276 -114.33873020
125.88778120 235.98291289 183.33570137 166.95075389 -33.69960276 -114.33873020
125.83148137 236.24929197 183.31250375 166.95075389 -33.69960276 -114.33873020
125.98525568 236.21174215 183.17352086 166.95075389 -33.69960276 -114.33873020
126.04155551 235.94536306 183.19671848 166.95075389 -33.69960276 -114.33873020
126.08862897 235.63408013 183.19779681 166.95075389 -33.69960276 -114.33873020
126.10853063 235.56453262 183.21108870 166.95075389 -33.69960276 -114.33873020
126.50641627 234.77000321 183.60008765 166.95075389 -33.69960276 -114.33873020
126.57847267 234.56175926 183.65722301 166.95075389 -33.69960276 -114.33873020
126.64724105 234.26849274 183.69219924 166.95075389 -33.69960276 -114.33873020
126.69916935 233.97735941 183.70419707 166.95075389 -33.69960276 -114.33873020
126.79198419 233.68903204 183.77363654 166.95075389 -33.69960276 -114.33873020
126.81064953 233.58022559 183.77708858 166.95075389 -33.69960276 -114.33873020
126.82008416 233.26879489 183.72579170 166.95075389 -33.69960276 -114.33873020
126.83077805 233.17081191 183.72039657 166.95075389 -33.69960276 -114.33873020
126.85716092 233.06865129 183.73595609 166.95075389 -33.69960276 -114.33873020
127.06670010 232.62864448 183.93635105 166.95075389 -33.69960276 -114.33873020
127.09804244 232.53537465 183.96064677 166.95075389 -33.69960276 -114.33873020
127.11595287 232.44090640 183.96601473 166.95075389 -33.69960276 -114.33873020
127.12137514 232.31999610 183.94854590 166.95075389 -33.69960276 -114.33873020
127.11062243 232.21296257 183.91145273 166.95075389 -33.69960276 -114.33873020
127.07256497 232.04458056 183.82369702 166.95075389 -33.69960276 -114.33873020
126.96177882 231.70928537 183.60027187 166.95075389 -33.69960276 -114.33873020
126.88169328 231.58062801 183.46228418 166.95075389 -33.69960276 -114.33873020
126.85640909 231.50485965 183.41144898 166.95075389 -33.69960276 -114.33873020
126.85662317 231.40175466 183.39042001 166.95075389 -33.69960276 -114.33873020
126.87719685 231.29272703 183.39648025 166.95075389 -33.69960276 -114.33873020
126.93758188 231.11616397 183.44393714 166.95075389 -33.69960276 -114.33873020
127.11321631 230.71931188 183.60610678 166.95075389 -33.69960276 -114.33873020
127.16951613 230.45293278 183.62930440 166.95075389 -33.69960276 -114.33873020
127.30048435 230.58174465 183.49301568 166.95075389 -33.69960276 -114.33873020
127.24418452 230.84812373 183.46981806 166.95075389 -33.69960276 -114.33873020
127.13147043 231.13226761 183.37183918 166.95075389 -33.69960276 -114.33873020
127.08711799 231.32153792 183.34930738 166.95075389 -33.69960276 -114.33873020
127.08312185 231.41864723 183.36383643 166.95075389 -33.69960276 -114.33873020
127.10211784 231.58605671 183.42488203 166.95075389 -33.69960276 -114.33873020
127.30819501 232.31424395 183.86209672 166.95075389 -33.69960276 -114.33873020
127.31649793 232.42408795 183.89636429 166.95075389 -33.69960276 -114.33873020
127.30600262 232.52931230 183.90353343 166.95075389 -33.69960276 -114.33873020
127.27670593 232.63334685 183.88430925 166.95075389 -33.69960276 -114.33873020
127.14854322 232.91575119 183.76448604 166.95075389 -33.69960276 -114.33873020
127.08181296 233.09276407 183.70829782 166.95075389 -33.69960276 -114.33873020
127.05918691 233.18176918 183.69524179 166.95075389 -33.69960276 -114.33873020
127.03455247 233.36243229 183.69835163 166.95075389 -33.69960276 -114.33873020
127.02400957 233.59675006 183.73215684 166.95075389 -33.69960276 -114.33873020
126.98967106 233.79273638 183.72494066 166.95075389 -33.69960276 -114.33873020
126.90299405 234.08067103 183.66395588 166.95075389 -33.69960276 -114.33873020
126.82590400 234.48922315 183.64125282 166.95075389 -33.69960276 -114.33873020
126.77126370 234.69590147 183.60801435 166.95075389 -33.69960276 -114.33873020
126.73511242 234.79034946 183.57727448 166.95075389 -33.69960276 -114.33873020
126.64937929 234.96128158 183.49340106 166.95075389 -33.69960276 -114.33873020
126.29895168 235.56936962 183.13183803 166.95075389 -33.69960276 -114.33873020
126.23789901 235.70829080 183.07566664 166.95075389 -33.69960276 -114.33873020
126.17424349 235.90163581 183.02713270 166.95075389 -33.69960276 -114.33873020
126.11794366 236.16801491 183.00393508 166.95075389 -33.69960276 -114.33873020
126.24909289 236.11446951 182.83017870 166.95075389 -33.69960276 -114.33873020
126.30539271 235.84809042 182.85337631 166.95075389 -33.69960276 -114.33873020
126.77827607 235.14385292 183.36535160 166.95075389 -33.69960276 -114.33873020
126.88616092 234.94951221 183.47518968 166.95075389 -33.69960276 -114.33873020
126.99519164 234.68579800 183.57227182 166.95075389 -33.69960276 -114.33873020
127.04536772 234.49833983 183.60327744 166.95075389 -33.69960276 -114.33873020
127.12647709 234.09904968 183.63348600 166.95075389 -33.69960276 -114.33873020
127.24232714 233.70898473 183.71391689 166.95075389 -33.69960276 -114.33873020
127.29816483 233.47651263 183.74348528 166.95075389 -33.69960276 -114.33873020
127.37947377 232.92509383 183.74250442 166.95075389 -33.69960276 -114.33873020
127.40728477 232.82094796 183.75963943 166.95075389 -33.69960276 -114.33873020
127.47846082 232.63015417 183.81915994 166.95075389 -33.69960276 -114.33873020
127.49553929 232.54526538 183.82535233 166.95075389 -33.69960276 -114.33873020
127.49767449 232.40533014 183.79937695 166.95075389 -33.69960276 -114.33873020
127.34483906 231.77484171 183.45641445 166.95075389 -33.69960276 -114.33873020
127.30644562 231.54327924 183.35512296 166.95075389 -33.69960276 -114.33873020
127.31124672 231.32577787 183.31681096 166.95075389 -33.69960276 -114.33873020
127.33981905 231.12748687 183.31553136 166.95075389 -33.69960276 -114.33873020
127.37952327 230.97922771 183.34008177 166.95075389 -33.69960276 -114.33873020
127.43582309 230.71284862 183.36327939 166.95075389 -33.69960276 -114.33873020
127.61101273 230.86210633 183.29271886 166.95075389 -33.69960276 -114.33873020
127.55471291 231.12848541 183.26952124 166.95075389 -33.69960276 -114.33873020
127.53305480 231.45317003 183.30656032 166.95075389 -33.69960276 -114.33873020
127.54829579 231.65730485 183.36998023 166.95075389 -33.69960276 -114.33873020
127.67344183 232.29584628 183.67610060 166.95075389 -33.69960276 -114.33873020
127.68304013 232.52429081 183.73670151 166.95075389 -33.69960276 -114.33873020
127.67406501 232.62675427 183.74541372 166.95075389 -33.69960276 -114.33873020
127.60389320 232.93075425 183.71070588 166.95075389 -33.69960276 -114.33873020
127.55829499 233.33031426 183.72993881 166.95075389 -33.69960276 -114.33873020
127.51706193 233.54414400 183.71682514 166.95075389 -33.69960276 -114.33873020
127.35037315 234.08821961 183.59754863 166.95075389 -33.69960276 -114.33873020
127.22002954 234.64399632 183.53123799 166.95075389 -33.69960276 -114.33873020
127.17774224 234.77732605 183.50000719 166.95075389 -33.69960276 -114.33873020
127.04133883 235.07476612 183.37183362 166.95075389 -33.69960276 -114.33873020
126.80335276 235.44204068 183.11683307 166.95075389 -33.69960276 -114.33873020
126.53889518 235.81989285 182.82720631 166.95075389 -33.69960276 -114.33873020
126.48259536 236.08627194 182.80400869 166.95075389 -33.69960276 -114.33873020
126.71192918 236.05695069 182.77180887 166.95075389 -33.69960276 -114.33873020
126.76822900 235.79057160 182.79500649 166.95075389 -33.69960276 -114.33873020
127.02930664 235.42637344 183.08275700 166.95075389 -33.69960276 -114.33873020
127.20612776 235.14422499 183.27030280 166.95075389 -33.69960276 -114.33873020
127.30597078 234.96396832 183.37187025 166.95075389 -33.69960276 -114.33873020
127.40466265 234.71602214 183.45783558 166.95075389 -33.69960276 -114.33873020
127.72149008 233.52293330 183.65166641 166.95075389 -33.69960276 -114.33873020
127.77078355 233.10933263 183.63466829 166.95075389 -33.69960276 -114.33873020
127.84049919 232.81852640 183.67147076 166.95075389 -33.69960276 -114.33873020
127.86435676 232.63538343 183.66676760 166.95075389 -33.69960276 -114.33873020
127.87274643 232.34511664 183.61839512 166.95075389 -33.69960276 -114.33873020
127.86108794 232.11896918 183.55540423 166.95075389 -33.69960276 -114.33873020
127.81612765 231.85074814 183.43739756 166.95075389 -33.69960276 -114.33873020
127.74802914 231.56199848 183.28296614 166.95075389 -33.69960276 -114.33873020
127.74135436 231.44699152 183.24989492 166.95075389 -33.69960276 -114.33873020
127.75003214 231.28793925 183.22906412 166.95075389 -33.69960276 -114.33873020
127.80633194 231.02156027 183.25226173 166.95075389 -33.69960276 -114.33873020
127.99351354 231.18256580 183.20080849 166.95075389 -33.69960276 -114.33873020
127.93721372 231.44894489 183.17761087 166.95075389 -33.69960276 -114.33873020
127.94749658 231.55105139 183.21303149 166.95075389 -33.69960276 -114.33873020
128.03616402 231.88745642 183.40592554 166.95075389 -33.69960276 -114.33873020
128.05382214 231.99486113 183.45269890 166.95075389 -33.69960276 -114.33873020
128.06181391 232.22373930 183.51115528 166.95075389 -33.69960276 -114.33873020
128.03562402 232.73884597 183.58127971 166.95075389 -33.69960276 -114.33873020
128.00791331 232.93992740 183.58433476 166.95075389 -33.69960276 -114.33873020
127.94286216 233.26830469 183.56179057 166.95075389 -33.69960276 -114.33873020
127.89924407 233.54653946 183.55868184 166.95075389 -33.69960276 -114.33873020
127.85264442 233.76745875 183.53957122 166.95075389 -33.69960276 -114.33873020
127.67188729 234.46195616 183.43184367 166.95075389 -33.69960276 -114.33873020
127.56291409 234.81072805 183.35243522 166.95075389 -33.69960276 -114.33873020
127.40996123 235.13249252 183.20627758 166.95075389 -33.69960276 -114.33873020
127.28878398 235.33721996 183.08010207 166.95075389 -33.69960276 -114.33873020
126.99681604 235.74372781 182.75814367 166.95075389 -33.69960276 -114.33873020
126.94051621 236.01010691 182.73494605 166.95075389 -33.69960276 -114.33873020
127.16495899 235.95565090 182.69074566 166.95075389 -33.69960276 -114.33873020
127.22125881 235.68927181 182.71394328 166.95075389 -33.69960276 -114.33873020
127.45564950 235.35528527 182.97082914 166.95075389 -33.69960276 -114.33873020
127.62786667 235.06940286 183.15119983 166.95075389 -33.69960276 -114.33873020
127.79038427 234.71403037 183.30370762 166.95075389 -33.69960276 -114.33873020
127.85446395 234.50771760 183.35014913 166.95075389 -33.69960276 -114.33873020
128.06420929 233.62742461 183.45976008 166.95075389 -33.69960276 -114.33873020
128.14155366 233.34528195 183.50896391 166.95075389 -33.69960276 -114.33873020
128.17886805 233.15785421 183.52208896 166.95075389 -33.69960276 -114.33873020
128.21843737 232.77266816 183.49744477 166.95075389 -33.69960276 -114.33873020
128.25074211 232.11585612 183.40651337 166.95075389 -33.69960276 -114.33873020
128.23679274 231.90005690 183.34247700 166.95075389 -33.69960276 -114.33873020
128.17789769 231.63995885 183.20677134 166.95075389 -33.69960276 -114.33873020
128.23419749 231.37357988 183.22996894 166.95075389 -33.69960276 -114.33873020
128.46264405 231.57067937 183.24336907 166.95075389 -33.69960276 -114.33873020
128.40634425 231.83705834 183.22017147 166.95075389 -33.69960276 -114.33873020
128.43022326 232.10524451 183.30885301 166.95075389 -33.69960276 -114.33873020
128.39933604 233.14919641 183.48183348 166.95075389 -33.69960276 -114.33873020
128.37090761 233.33064387 183.47982922 166.95075389 -33.69960276 -114.33873020
128.24400512 233.66553318 183.37261484 166.95075389 -33.69960276 -114.33873020
128.15872156 233.99393635 183.32193862 166.95075389 -33.69960276 -114.33873020
128.08348486 234.33558971 183.28797540 166.95075389 -33.69960276 -114.33873020
128.01252283 234.59634414 183.24322349 166.95075389 -33.69960276 -114.33873020
127.90134467 234.86331954 183.14382946 166.95075389 -33.69960276 -114.33873020
127.76847565 235.10770753 183.00959768 166.95075389 -33.69960276 -114.33873020
127.41951074 235.61767997 182.62977418 166.95075389 -33.69960276 -114.33873020
127.36321091 235.88405906 182.60657656 166.95075389 -33.69960276 -114.33873020
127.59099234 235.73420924 182.54728716 166.95075389 -33.69960276 -114.33873020
127.64729216 235.46783016 182.57048478 166.95075389 -33.69960276 -114.33873020
127.88568530 235.14367975 182.83497143 166.95075389 -33.69960276 -114.33873020
128.07573574 234.83853925 183.03615956 166.95075389 -33.69960276 -114.33873020
128.14514356 234.69251885 183.10248210 166.95075389 -33.69960276 -114.33873020
128.21529248 234.49421217 183.15902017 166.95075389 -33.69960276 -114.33873020
128.31980681 234.05985633 183.21452505 166.95075389 -33.69960276 -114.33873020
128.39534858 233.79766548 183.26534894 166.95075389 -33.69960276 -114.33873020
128.57256635 233.36769997 183.42287122 166.95075389 -33.69960276 -114.33873020
128.59838885 233.25798769 183.43608941 166.95075389 -33.69960276 -114.33873020
128.60888394 233.14885098 183.42811071 166.95075389 -33.69960276 -114.33873020
128.59485931 232.81983310 183.34055103 166.95075389 -33.69960276 -114.33873020
128.60100691 232.54096920 183.29141913 166.95075389 -33.69960276 -114.33873020
128.58262153 232.02871971 183.15989448 166.95075389 -33.69960276 -114.33873020
128.63892133 231.76234074 183.18309209 166.95075389 -33.69960276 -114.33873020
128.74044623 231.49069016 182.92302287 166.95075389 -33.69960276 -114.33873020
128.68414643 231.75706913 182.89982527 166.95075389 -33.69960276 -114.33873020
128.72625320 231.95812350 182.99997047 166.95075389 -33.69960276 -114.33873020
128.74076419 232.17978372 183.06600021 166.95075389 -33.69960276 -114.33873020
128.71347457 232.78923029 183.15410890 166.95075389 -33.69960276 -114.33873020
128.67756176 233.21775253 183.19280207 166.95075389 -33.69960276 -114.33873020
128.64125822 233.41303512 183.18270755 166.95075389 -33.69960276 -114.33873020
128.54378123 233.73525862 183.11379561 166.95075389 -33.69960276 -114.33873020
128.34471921 234.57730708 183.01113137 166.95075389 -33.69960276 -114.33873020
128.28138145 234.77450197 182.96383569 166.95075389 -33.69960276 -114.33873020
128.15648370 235.05387465 182.84792600 166.95075389 -33.69960276 -114.33873020
127.94779751 235.40667534 182.63067921 166.95075389 -33.69960276 -114.33873020
127.71500749 235.73845921 182.37556380 166.95075389 -33.69960276 -114.33873020
127.65870767 236.00483830 182.35236618 166.95075389 -33.69960276 -114.33873020
127.85909984 235.91708967 182.26783202 166.95075389 -33.69960276 -114.33873020
127.91539967 235.65071059 182.29102963 166.95075389 -33.69960276 -114.33873020
128.22526897 235.21028803 182.63086855 166.95075389 -33.69960276 -114.33873020
128.42148061 234.85642172 182.83054647 166.95075389 -33.69960276 -114.33873020
128.50673949 234.64331976 182.90503776 166.95075389 -33.69960276 -114.33873020
128.71668575 233.79573547 183.02169373 166.95075389 -33.69960276 -114.33873020
128.85389802 233.45636509 183.14231913 166.95075389 -33.69960276 -114.33873020
128.87621117 233.37904752 183.15735751 166.95075389 -33.69960276 -114.33873020
128.89987275 233.22010715 183.15738795 166.95075389 -33.69960276 -114.33873020
128.89741165 232.95642934 183.09942499 166.95075389 -33.69960276 -114.33873020
128.91602259 232.58203119 183.04786523 166.95075389 -33.69960276 -114.33873020
128.91191609 232.09639811 182.94170380 166.95075389 -33.69960276 -114.33873020
128.89851361 231.95547004 182.89391467 166.95075389 -33.69960276 -114.33873020
128.95481341 231.68909106 182.91711228 166.95075389 -33.69960276 -114.33873020
129.12056904 231.87667269 182.84135891 166.95075389 -33.69960276 -114.33873020
129.06426924 232.14305165 182.81816130 166.95075389 -33.69960276 -114.33873020
129.08427295 232.61043823 182.94265692 166.95075389 -33.69960276 -114.33873020
129.08257493 232.90293804 183.00079741 166.95075389 -33.69960276 -114.33873020
129.09693984 233.22149698 183.08666695 166.95075389 -33.69960276 -114.33873020
129.09029695 233.32245132 183.09831045 166.95075389 -33.69960276 -114.33873020
129.06675241 233.42516488 183.08681259 166.95075389 -33.69960276 -114.33873020
128.90264514 233.82604465 182.94150696 166.95075389 -33.69960276 -114.33873020
128.79723083 234.16197915 182.86439256 166.95075389 -33.69960276 -114.33873020
128.69805243 234.56691002 182.81022201 166.95075389 -33.69960276 -114.33873020
128.63074567 234.75134936 182.75476818 166.95075389 -33.69960276 -114.33873020
128.56116671 234.89609567 182.68794410 166.95075389 -33.69960276 -114.33873020
128.37093119 235.19568148 182.48534960 166.95075389 -33.69960276 -114.33873020
128.16033123 235.47766324 182.25079282 166.95075389 -33.69960276 -114.33873020
128.10403141 235.74404232 182.22759520 166.95075389 -33.69960276 -114.33873020
128.39713329 235.50751790 182.24121935 166.95075389 -33.69960276 -114.33873020
128.45343311 235.24113881 182.26441696 166.95075389 -33.69960276 -114.33873020
128.67945618 234.92679651 182.51372920 166.95075389 -33.69960276 -114.33873020
128.78305520 234.74588766 182.62038524 166.95075389 -33.69960276 -114.33873020
128.85849186 234.55730085 182.68628752 166.95075389 -33.69960276 -114.33873020
128.98304343 234.10588583 182.76612976 166.95075389 -33.69960276 -114.33873020
129.10970385 233.79883956 182.87876668 166.95075389 -33.69960276 -114.33873020
129.22687016 233.42063566 182.96348150 166.95075389 -33.69960276 -114.33873020
129.24928743 233.31878360 182.97358986 166.95075389 -33.69960276 -114.33873020
129.25593319 233.20862074 182.96004560 166.95075389 -33.69960276 -114.33873020
129.21698934 232.34955301 182.72819271 166.95075389 -33.69960276 -114.33873020
129.27328913 232.08317405 182.75139032 166.95075389 -33.69960276 -114.33873020
129.42153596 232.31329241 182.66008577 166.95075389 -33.69960276 -114.33873020
129.36523617 232.57967138 182.63688817 166.95075389 -33.69960276 -114.33873020
129.39906710 233.28788871 182.83042792 166.95075389 -33.69960276 -114.33873020
129.39170140 233.40353440 182.84410504 166.95075389 -33.69960276 -114.33873020
129.35940712 233.56829162 182.83327222 166.95075389 -33.69960276 -114.33873020
129.29470769 233.80142025 182.79151553 166.95075389 -33.69960276 -114.33873020
129.12613192 234.16469705 182.63221756 166.95075389 -33.69960276 -114.33873020
129.03947406 234.45438412 182.57162188 166.95075389 -33.69960276 -114.33873020
128.97231150 234.62793679 182.51411674 166.95075389 -33.69960276 -114.33873020
128.92372815 234.72364465 182.46634810 166.95075389 -33.69960276 -114.33873020
128.77745308 234.93331666 182.30629162 166.95075389 -33.69960276 -114.33873020
128.72115328 235.19969563 182.28309401 166.95075389 -33.69960276 -114.33873020
129.08608743 234.77894737 182.35850982 166.95075389 -33.69960276 -114.33873020
129.14238723 234.51256840 182.38170742 166.95075389 -33.69960276 -114.33873020
129.21792378 234.35330055 182.45381307 166.95075389 -33.69960276 -114.33873020
129.28397579 234.18449868 182.51075644 166.95075389 -33.69960276 -114.33873020
129.43640098 233.89488290 182.66283003 166.95075389 -33.69960276 -114.33873020
129.51161761 233.69412010 182.72590777 166.95075389 -33.69960276 -114.33873020
129.52786838 233.57824135 182.72453898 166.95075389 -33.69960276 -114.33873020
129.53490123 233.39760634 182.69695629 166.95075389 -33.69960276 -114.33873020
129.51796409 232.87311160 182.56491288 166.95075389 -33.69960276 -114.33873020
129.57426389 232.60673263 182.58811048 166.95075389 -33.69960276 -114.33873020
131.25399979 233.17542499 185.04176414 166.95075389 -33.69960276 -114.33873020
127.66364475 233.64176487 187.39158409 166.95075389 -33.69960276 -114.33873020
