121.089789117436808397 232.522511516351329419 182.166828057018449272 -25.234512519719885404 29.995574751000638969 -64.056771743216785353
116.158928399457366254 231.638098685730483339 186.179250758165210300 -25.234512519719885404 29.995574751000638969 -64.056771743216785353
113.093090558224830033 229.506997052738796583 181.941912303833362330 -25.234512519719885404 29.995574751000638969 -64.056771743216785353
113.896818747394092952 229.837294545779172950 181.188046248195121279 -25.234512519719885404 29.995574751000638969 -64.056771743216785353
114.081205189816628831 229.254538478416407088 181.347725131884885741 -25.234512519719885404 29.995574751000638969 -64.056771743216785353
114.268104045474771624 228.671583100572121339 181.505686451411094140 -25.234512519719885404 29.995574751000638969 -64.056771743216785353
114.456019885227561872 228.089661971163394583 181.662391794595407646 -25.234512519719885404 29.995574751000638969 -64.056771743216785353
114.671786043519190912 227.517605027610414936 181.793985586224721374 -25.234512519719885404 29.995574751000638969 -64.056771743216785353
114.804777064086735550 227.245144734121652164 181.834792256459508053 -25.234512519719885404 29.995574751000638969 -64.056771743216785353
114.961475506583923334 226.982201261349871402 181.853659583296860092 -25.234512519719885404 29.995574751000638969 -64.056771743216785353
115.142691627188725079 226.733348886887512208 181.847700762996566937 -25.234512519719885404 29.995574751000638969 -64.056771743216785353
115.347309142287443251 226.501531020267350414 181.816243118511863486 -25.234512519719885404 29.995574751000638969 -64.056771743216785353
115.569119175797496268 226.294099285734915838 181.760081570722206834 -25.234512519719885404 29.995574751000638969 -64.056771743216785353
115.804515368424148392 226.112986761446308037 181.680853214906790072 -25.234512519719885404 29.995574751000638969 -64.056771743216785353
116.192999432090289247 225.883833726595753433 181.515022530409538604 -25.234512519719885404 29.995574751000638969 -64.056771743216785353
116.596264401243161046 225.717263576850484696 181.307022368552850367 -25.234512519719885404 29.995574751000638969 -64.056771743216785353
117.000614295126268871 225.585586466471625045 181.080688335728837046 -25.234512519719885404 29.995574751000638969 -64.056771743216785353
117.626312714781462887 225.460449833696799260 180.690912766105327592 -25.234512519719885404 29.995574751000638969 -64.056771743216785353
118.242617832372800990 225.424420845557477833 180.263118258931882565 -25.234512519719885404 29.995574751000638969 -64.056771743216785353
118.838204149542022492 225.451868433030512051 179.818389878677834304 -25.234512519719885404 29.995574751000638969 -64.056771743216785353
119.358355265907505327 225.545057071612347954 179.395177653622425851 -25.234512519719885404 29.995574751000638969 -64.056771743216785353
119.859059817781002266 225.697632151402842737 178.956168123429051775 -25.234512519719885404 29.995574751000638969 -64.056771743216785353
120.320007541645836113 225.926881119600921011 178.507361910368757663 -25.234512519719885404 29.995574751000638969 -64.056771743216785353
120.636218686682653356 226.140937857657092991 178.170917518762450982 -25.234512519719885404 29.995574751000638969 -64.056771743216785353
120.938399969979002435 226.379926283059717207 177.832085147367621403 -25.234512519719885404 29.995574751000638969 -64.056771743216785353
121.232997726343398881 226.631983388247675748 177.492166995112199857 -25.234512519719885404 29.995574751000638969 -64.056771743216785353
121.523047498421220780 226.887851838653062941 177.153622586864486266 -25.234512519719885404 29.995574751000638969 -64.056771743216785353
121.812929751032953618 227.143113255776029291 176.815504681516472374 -25.234512519719885404 29.995574751000638969 -64.056771743216785353
122.094189019877887858 227.407527214491864243 176.479022631712354041 -25.234512519719885404 29.995574751000638969 -64.056771743216785353
122.289186504296026214 227.617351678062931342 176.232408410333874826 -25.234512519719885404 29.995574751000638969 -64.056771743216785353
122.469879431210216580 227.841977106025098010 175.988700044705808523 -25.234512519719885404 29.995574751000638969 -64.056771743216785353
122.625307471467124287 228.088531372494657035 175.752242802004701616 -25.234512519719885404 29.995574751000638969 -64.056771743216785353
122.730626236947998109 228.305770835281890641 175.566784491565556436 -25.234512519719885404 29.995574751000638969 -64.056771743216785353
122.819506776091344591 228.536393579919916874 175.386488809218803908 -25.234512519719885404 29.995574751000638969 -64.056771743216785353
122.883851186103512987 228.782598371139670235 175.216108990026441461 -25.234512519719885404 29.995574751000638969 -64.056771743216785353
122.916542077390658960 228.987383894155669850 175.089462572736920265 -25.234512519719885404 29.995574751000638969 -64.056771743216785353
122.929212246569932176 229.198856881844761801 174.973938377821099266 -25.234512519719885404 29.995574751000638969 -64.056771743216785353
122.924286418488790673 229.416494781797410951 174.868044855579427121 -25.234512519719885404 29.995574751000638969 -64.056771743216785353
122.853378118225066373 229.926470208386803051 174.662865089187249623 -25.234512519719885404 29.995574751000638969 -64.056771743216785353
122.720394104105054112 230.439359210279803847 174.501133574441524843 -25.234512519719885404 29.995574751000638969 -64.056771743216785353
122.559022450572868479 230.944738036952628590 174.363718466543929253 -25.234512519719885404 29.995574751000638969 -64.056771743216785353
122.284478323459524063 231.630119211657756750 174.217657637720833463 -25.234512519719885404 29.995574751000638969 -64.056771743216785353
121.965218627978273958 232.312224505216676107 174.105597377605562315 -25.234512519719885404 29.995574751000638969 -64.056771743216785353
121.605225292031661866 232.980412650530837482 174.030008500497928026 -25.234512519719885404 29.995574751000638969 -64.056771743216785353
121.439078961601552464 233.252082693658962853 174.013588106828507307 -25.234512519719885404 29.995574751000638969 -64.056771743216785353
121.262848740031017769 233.516766535859602527 174.007977300295863188 -25.234512519719885404 29.995574751000638969 -64.056771743216785353
121.073474245881911315 233.772279997962641573 174.016488854040318301 -25.234512519719885404 29.995574751000638969 -64.056771743216785353
120.867135847809677784 234.018667475670554268 174.041864054529014538 -25.234512519719885404 29.995574751000638969 -64.056771743216785353
120.647880584990360830 234.249542882918206033 174.084386530885240063 -25.234512519719885404 29.995574751000638969 -64.056771743216785353
120.417104468432739850 234.462867504977992894 174.144071567445763549 -25.234512519719885404 29.995574751000638969 -64.056771743216785353
120.065772427809790202 234.739167207897878598 174.259310017749982080 -25.234512519719885404 29.995574751000638969 -64.056771743216785353
119.698691481232103229 234.982623647837954195 174.402461254459552720 -25.234512519719885404 29.995574751000638969 -64.056771743216785353
119.323552766941617165 235.187232141406894925 174.570980474462942311 -25.234512519719885404 29.995574751000638969 -64.056771743216785353
119.032260432663875349 235.305710181455964403 174.722152329997072684 -25.234512519719885404 29.995574751000638969 -64.056771743216785353
118.744102516593883934 235.372100164443537551 174.897253198189559953 -25.234512519719885404 29.995574751000638969 -64.056771743216785353
118.464231731958761884 235.388003424323784429 175.091749575566865360 -25.234512519719885404 29.995574751000638969 -64.056771743216785353
117.845392501655467754 235.294326576421383379 175.586611063748847528 -25.234512519719885404 29.995574751000638969 -64.056771743216785353
117.238362069239300922 235.137853189410378718 176.104511057981454769 -25.234512519719885404 29.995574751000638969 -64.056771743216785353
116.629317587870517059 234.980876048752975294 176.624121630160516361 -25.234512519719885404 29.995574751000638969 -64.056771743216785353
116.022553910844024472 234.817629097206264532 177.145235275089675042 -25.234512519719885404 29.995574751000638969 -64.056771743216785353
115.426136436437346333 234.639059091513303201 177.666569626063107989 -25.234512519719885404 29.995574751000638969 -64.056771743216785353
114.869592018590140015 234.404669535708364947 178.187128209114177935 -25.234512519719885404 29.995574751000638969 -64.056771743216785353
114.458656949414191217 234.145157200551409460 178.614969285804733090 -25.234512519719885404 29.995574751000638969 -64.056771743216785353
114.089328302931036774 233.821829729903953421 179.044801705507978795 -25.234512519719885404 29.995574751000638969 -64.056771743216785353
113.795170187253731342 233.419617187020520532 179.459920041759716014 -25.234512519719885404 29.995574751000638969 -64.056771743216785353
113.619599347728566840 233.051068619045992136 179.772306270272395068 -25.234512519719885404 29.995574751000638969 -64.056771743216785353
113.492461078368108929 232.645573090813428507 180.068232006008571489 -25.234512519719885404 29.995574751000638969 -64.056771743216785353
113.431836732097124809 232.205596725739923158 180.333374565917836208 -25.234512519719885404 29.995574751000638969 -64.056771743216785353
113.432047836676133556 231.814866030689586296 180.529733582041359341 -25.234512519719885404 29.995574751000638969 -64.056771743216785353
113.475904392935873943 231.411190402505667407 180.701024289280553603 -25.234512519719885404 29.995574751000638969 -64.056771743216785353
113.557158471019988610 231.000908132852572408 180.848579504479715752 -25.234512519719885404 29.995574751000638969 -64.056771743216785353
113.715229468533308932 230.419672169581076560 181.026533867302134695 -25.234512519719885404 29.995574751000638969 -64.056771743216785353
113.896818747394092952 229.837294545779172950 181.188046248195121279 -25.234512519719885404 29.995574751000638969 -64.056771743216785353
113.093090558224830033 229.506997052738796583 181.941912303833362330 -25.234512519719885404 29.995574751000638969 -64.056771743216785353
116.158928399457366254 231.638098685730483339 186.179250758165210300 -25.234512519719885404 29.995574751000638969 -64.056771743216785353
121.089789117436808397 232.522511516351329419 182.166828057018449272 -25.234512519719885404 29.995574751000638969 -64.056771743216785353
